1 0.01 0.018 1.5	0.105402 0.00160106
1 0.01 0.018 1.6	-5.05178e-06 7.87085e-05
1 0.01 0.018 1.7	0.0503132 0.0022358
1 0.01 0.018 1.8	0.00440354 0.000417314
1 0.01 0.018 1.9	-0.0213034 0.0059967
1 0.01 0.018 2.0	-0.0235958 0.00632294
1 0.01 0.018 2.1	0.046302 0.00218778
1 0.01 0.018 2.2	-0.06398 0.025545
1 0.01 0.018 2.3	0.103654 0.00175401
1 0.01 0.018 2.4	0.111043 0.00153887
1 0.01 0.018 2.5	-0.00622894 0.127041
1 0.01 0.018 2.6	0.118747 0.0011122
1 0.01 0.018 2.7	0.121941 0.000759856
1 0.01 0.018 2.8	0.124632 1.15761e-05
1 0.01 0.018 2.9	0.124637 1.15753e-05
1 0.01 0.018 3.0	0.124641 1.15748e-05
1 0.01 0.02 1.5	-0.00017189 6.12245e-05
1 0.01 0.02 1.6	0.0581966 0.00217226
1 0.01 0.02 1.7	0.00417696 0.000401001
1 0.01 0.02 1.8	-0.0263999 0.0057827
1 0.01 0.02 1.9	0.0251189 0.00159541
1 0.01 0.02 2.0	-0.00944407 0.0125701
1 0.01 0.02 2.1	0.0787238 0.00230253
1 0.01 0.02 2.2	0.0654525 0.0206817
1 0.01 0.02 2.3	0.113201 0.00143577
1 0.01 0.02 2.4	0.120019 0.000967212
1 0.01 0.02 2.5	0.0191246 0.0978424
1 0.01 0.02 2.6	0.124639 1.09264e-05
1 0.01 0.02 2.7	0.124635 1.15757e-05
1 0.01 0.02 2.8	0.12464 1.1575e-05
1 0.01 0.02 2.9	0.124642 1.15745e-05
1 0.01 0.02 3.0	0.124644 1.15743e-05
1 0.01 0.022 1.5	0.000497091 0.000116395
1 0.01 0.022 1.6	0.003479 0.000345697
1 0.01 0.022 1.7	0.00994784 0.000794125
1 0.01 0.022 1.8	0.0233852 0.001486
1 0.01 0.022 1.9	0.047977 0.00219065
1 0.01 0.022 2.0	0.078686 0.00229241
1 0.01 0.022 2.1	0.102121 0.00191484
1 0.01 0.022 2.2	0.111438 0.00155844
1 0.01 0.022 2.3	0.120041 0.00097174
1 0.01 0.022 2.4	-0.00339804 0.114583
1 0.01 0.022 2.5	0.12462 1.45794e-05
1 0.01 0.022 2.6	0.124636 1.15754e-05
1 0.01 0.022 2.7	0.124641 1.15748e-05
1 0.01 0.022 2.8	0.124643 1.15744e-05
1 0.01 0.022 2.9	0.124645 1.15742e-05
1 0.01 0.022 3.0	0.124646 1.1574e-05
1 0.01 0.024 1.5	0.00224967 0.000260051
1 0.01 0.024 1.6	0.0106627 0.00244151
1 0.01 0.024 1.7	0.0203778 0.00136053
1 0.01 0.024 1.8	-0.135824 0.0163426
1 0.01 0.024 1.9	0.0746364 0.002344
1 0.01 0.024 2.0	0.0976057 0.0020033
1 0.01 0.024 2.1	0.113201 0.00143574
1 0.01 0.024 2.2	0.120066 0.000966513
1 0.01 0.024 2.3	-0.00343043 0.114607
1 0.01 0.024 2.4	0.124621 1.46668e-05
1 0.01 0.024 2.5	0.124637 1.15754e-05
1 0.01 0.024 2.6	0.124641 1.15748e-05
1 0.01 0.024 2.7	0.124644 1.15744e-05
1 0.01 0.024 2.8	0.124645 1.15741e-05
1 0.01 0.024 2.9	0.124646 1.1574e-05
1 0.01 0.024 3.0	0.124647 1.15739e-05
1 0.02 0.018 1.5	0.0965158 0.00228675
1 0.02 0.018 1.6	0.113423 0.00151025
1 0.02 0.018 1.7	0.023281 0.00221175
1 0.02 0.018 1.8	0.100592 0.00213891
1 0.02 0.018 1.9	0.11463 0.00133346
1 0.02 0.018 2.0	0.0816635 0.00255693
1 0.02 0.018 2.1	0.0767517 0.00254871
1 0.02 0.018 2.2	0.00308891 0.000199372
1 0.02 0.018 2.3	0.0360674 0.0021303
1 0.02 0.018 2.4	0.0133629 0.000592985
1 0.02 0.018 2.5	0.0732388 0.00209809
1 0.02 0.018 2.6	0.0659711 0.0027373
1 0.02 0.018 2.7	0.0520432 0.0037239
1 0.02 0.018 2.8	0.0502488 0.00514249
1 0.02 0.018 2.9	0.00289306 0.0103377
1 0.02 0.018 3.0	0.0764126 0.00606389
1 0.02 0.02 1.5	0.112618 0.00156338
1 0.02 0.02 1.6	0.0159703 0.00193039
1 0.02 0.02 1.7	0.102159 0.0020651
1 0.02 0.02 1.8	0.0735153 0.00268227
1 0.02 0.02 1.9	0.0781876 0.00255732
1 0.02 0.02 2.0	0.0024987 0.000185562
1 0.02 0.02 2.1	0.0541238 0.00242296
1 0.02 0.02 2.2	0.024525 0.00155244
1 0.02 0.02 2.3	0.0550646 0.00219042
1 0.02 0.02 2.4	0.058369 0.00249125
1 0.02 0.02 2.5	0.052758 0.00453187
1 0.02 0.02 2.6	0.0378027 0.00713905
1 0.02 0.02 2.7	0.0856883 0.00169808
1 0.02 0.02 2.8	0.104218 0.00141894
1 0.02 0.02 2.9	0.0798374 0.0124675
1 0.02 0.02 3.0	-0.0364356 0.0363005
1 0.02 0.022 1.5	-0.00155311 1.9466e-05
1 0.02 0.022 1.6	0.112607 0.00152487
1 0.02 0.022 1.7	0.120809 0.000436267
1 0.02 0.022 1.8	0.00346235 0.000776378
1 0.02 0.022 1.9	0.0734697 0.00245181
1 0.02 0.022 2.0	0.0786416 0.00217025
1 0.02 0.022 2.1	0.0888363 0.00175328
1 0.02 0.022 2.2	0.0285281 0.00107723
1 0.02 0.022 2.3	0.0455886 0.00148011
1 0.02 0.022 2.4	0.0263196 0.0060486
1 0.02 0.022 2.5	0.0867252 0.0016764
1 0.02 0.022 2.6	0.100289 0.00151857
1 0.02 0.022 2.7	0.113062 0.00110056
1 0.02 0.022 2.8	0.0329011 0.0312549
1 0.02 0.022 2.9	0.121132 0.000607286
1 0.02 0.022 3.0	0.121454 0.000590542
1 0.02 0.024 1.5	0.112493 0.00152353
1 0.02 0.024 1.6	0.120739 0.000438401
1 0.02 0.024 1.7	0.0332451 0.00236095
1 0.02 0.024 1.8	0.0868581 0.00219012
1 0.02 0.024 1.9	0.0125056 0.000907302
1 0.02 0.024 2.0	0.0734139 0.00205522
1 0.02 0.024 2.1	0.0335696 0.00118363
1 0.02 0.024 2.2	0.0540902 0.00156813
1 0.02 0.024 2.3	0.0407379 0.00668393
1 0.02 0.024 2.4	0.0318244 0.0119438
1 0.02 0.024 2.5	0.00670333 0.0184128
1 0.02 0.024 2.6	0.00764577 0.0251041
1 0.02 0.024 2.7	0.0981773 0.0219734
1 0.02 0.024 2.8	0.0952987 0.0207198
1 0.02 0.024 2.9	-0.056743 0.0856078
1 0.02 0.024 3.0	0.123844 0.000190042
1 0.03 0.018 1.5	-0.00203687 0.000149498
1 0.03 0.018 1.6	-0.00239124 9.54762e-05
1 0.03 0.018 1.7	-0.00241274 0.000101861
1 0.03 0.018 1.8	0.112085 0.00150943
1 0.03 0.018 1.9	-0.0023148 0.000139965
1 0.03 0.018 2.0	0.0238371 0.00225658
1 0.03 0.018 2.1	0.0986856 0.00221547
1 0.03 0.018 2.2	0.109811 0.00172989
1 0.03 0.018 2.3	0.075582 0.00271352
1 0.03 0.018 2.4	0.104471 0.00199221
1 0.03 0.018 2.5	0.110184 0.0017059
1 0.03 0.018 2.6	0.0897086 0.00245024
1 0.03 0.018 2.7	0.0921796 0.00235025
1 0.03 0.018 2.8	0.0742027 0.00261034
1 0.03 0.018 2.9	0.117276 0.00103564
1 0.03 0.018 3.0	0.110604 0.00152108
1 0.03 0.02 1.5	-0.00235246 0.000117088
1 0.03 0.02 1.6	0.0184766 0.00201352
1 0.03 0.02 1.7	0.00103215 0.000904234
1 0.03 0.02 1.8	-0.00204097 0.000201311
1 0.03 0.02 1.9	0.117218 0.00116101
1 0.03 0.02 2.0	0.115262 0.00136019
1 0.03 0.02 2.1	0.0373686 0.0025851
1 0.03 0.02 2.2	0.1132 0.00150706
1 0.03 0.02 2.3	0.113993 0.00146469
1 0.03 0.02 2.4	0.113372 0.00147859
1 0.03 0.02 2.5	0.0933467 0.00229442
1 0.03 0.02 2.6	0.107776 0.00171384
1 0.03 0.02 2.7	0.109704 0.00158057
1 0.03 0.02 2.8	0.0747744 0.00228995
1 0.03 0.02 2.9	0.105547 0.00182622
1 0.03 0.02 3.0	0.0718606 0.00209741
1 0.03 0.022 1.5	0.0815883 0.002603
1 0.03 0.022 1.6	0.0624955 0.00275797
1 0.03 0.022 1.7	0.100781 0.00214078
1 0.03 0.022 1.8	0.116738 0.00124926
1 0.03 0.022 1.9	0.115225 0.00135705
1 0.03 0.022 2.0	0.113279 0.00150809
1 0.03 0.022 2.1	0.11195 0.00157378
1 0.03 0.022 2.2	0.118878 0.000956635
1 0.03 0.022 2.3	0.00577024 0.000223091
1 0.03 0.022 2.4	0.118591 0.000995646
1 0.03 0.022 2.5	0.121289 0.000677404
1 0.03 0.022 2.6	0.104764 0.00185255
1 0.03 0.022 2.7	0.0967389 0.00203898
1 0.03 0.022 2.8	0.110417 0.00217881
1 0.03 0.022 2.9	0.103586 0.00287168
1 0.03 0.022 3.0	0.105819 0.00379206
1 0.03 0.024 1.5	0.119366 0.000879404
1 0.03 0.024 1.6	0.118603 0.00103878
1 0.03 0.024 1.7	0.0635817 0.00279224
1 0.03 0.024 1.8	0.123453 5.02239e-05
1 0.03 0.024 1.9	0.110429 0.00168598
1 0.03 0.024 2.0	0.0018573 0.000118778
1 0.03 0.024 2.1	0.100289 0.00210994
1 0.03 0.024 2.2	0.0931897 0.00223968
1 0.03 0.024 2.3	0.0997231 0.00195447
1 0.03 0.024 2.4	0.0602704 0.00211567
1 0.03 0.024 2.5	0.0818558 0.00216794
1 0.03 0.024 2.6	0.0916963 0.00228445
1 0.03 0.024 2.7	0.101358 0.00264945
1 0.03 0.024 2.8	0.0945248 0.00373805
1 0.03 0.024 2.9	0.0970157 0.00520438
1 0.03 0.024 3.0	0.102108 0.00707422
1 0.04 0.018 1.5	-0.00304027 3.10452e-05
1 0.04 0.018 1.6	-0.00294185 6.16921e-05
1 0.04 0.018 1.7	-0.00305131 4.96237e-05
1 0.04 0.018 1.8	-0.0027019 0.000124797
1 0.04 0.018 1.9	0.00377654 0.00117527
1 0.04 0.018 2.0	-0.00131139 0.000590562
1 0.04 0.018 2.1	0.00562415 0.00134324
1 0.04 0.018 2.2	-0.00268858 0.000180344
1 0.04 0.018 2.3	0.0866243 0.00239935
1 0.04 0.018 2.4	0.00402686 0.00113619
1 0.04 0.018 2.5	0.0300992 0.00239684
1 0.04 0.018 2.6	0.0662589 0.00277938
1 0.04 0.018 2.7	0.0783082 0.00264046
1 0.04 0.018 2.8	0.074109 0.00270652
1 0.04 0.018 2.9	0.0488426 0.00275226
1 0.04 0.018 3.0	0.12209 0.000528696
1 0.04 0.02 1.5	-0.00293241 8.10828e-05
1 0.04 0.02 1.6	-0.00269914 0.000139323
1 0.04 0.02 1.7	-0.000769111 0.000567836
1 0.04 0.02 1.8	-0.003126 6.35228e-05
1 0.04 0.02 1.9	-0.00295929 0.000121632
1 0.04 0.02 2.0	0.0365599 0.00252935
1 0.04 0.02 2.1	0.0539342 0.00277117
1 0.04 0.02 2.2	0.119874 0.000602245
1 0.04 0.02 2.3	0.106401 0.00189318
1 0.04 0.02 2.4	0.0628567 0.00278573
1 0.04 0.02 2.5	0.0784159 0.0026844
1 0.04 0.02 2.6	0.0214634 0.00217184
1 0.04 0.02 2.7	0.123614 4.71963e-05
1 0.04 0.02 2.8	0.0648554 0.00276976
1 0.04 0.02 2.9	0.122852 0.000562831
1 0.04 0.02 3.0	0.0908414 0.00244009
1 0.04 0.022 1.5	-0.00220918 0.000361892
1 0.04 0.022 1.6	0.000225663 0.000728866
1 0.04 0.022 1.7	0.0168509 0.0019339
1 0.04 0.022 1.8	0.0562483 0.00271475
1 0.04 0.022 1.9	0.0794874 0.00256967
1 0.04 0.022 2.0	0.113672 0.00144259
1 0.04 0.022 2.1	0.100218 0.00214566
1 0.04 0.022 2.2	0.096472 0.00227853
1 0.04 0.022 2.3	0.118642 0.00107535
1 0.04 0.022 2.4	0.123196 0.00036183
1 0.04 0.022 2.5	0.124001 7.03949e-05
1 0.04 0.022 2.6	0.11172 0.00167816
1 0.04 0.022 2.7	0.112586 0.00164784
1 0.04 0.022 2.8	0.108799 0.00185272
1 0.04 0.022 2.9	0.0913723 0.00237962
1 0.04 0.022 3.0	0.0665743 0.00245037
1 0.04 0.024 1.5	0.00308992 0.00112501
1 0.04 0.024 1.6	0.0537964 0.002735
1 0.04 0.024 1.7	0.095913 0.00224771
1 0.04 0.024 1.8	0.113566 0.00144758
1 0.04 0.024 1.9	0.0848205 0.00258675
1 0.04 0.024 2.0	0.0887562 0.00250184
1 0.04 0.024 2.1	0.122695 0.000449489
1 0.04 0.024 2.2	0.123391 0.000281046
1 0.04 0.024 2.3	0.117652 0.00125078
1 0.04 0.024 2.4	0.0994873 0.00221336
1 0.04 0.024 2.5	0.121111 0.00103408
1 0.04 0.024 2.6	0.11141 0.0017641
1 0.04 0.024 2.7	0.0199657 0.000666407
1 0.04 0.024 2.8	0.112872 0.00181231
1 0.04 0.024 2.9	0.119057 0.00166875
1 0.04 0.024 3.0	0.101458 0.00210915
1 0.05 0.018 1.5	-0.00344393 1.49351e-05
1 0.05 0.018 1.6	-0.0034374 1.93847e-05
1 0.05 0.018 1.7	-0.0034692 1.84041e-05
1 0.05 0.018 1.8	-0.00344502 2.95041e-05
1 0.05 0.018 1.9	-0.00336148 4.86583e-05
1 0.05 0.018 2.0	-0.0034081 4.78529e-05
1 0.05 0.018 2.1	-0.00346677 4.40223e-05
1 0.05 0.018 2.2	-0.00333504 7.48691e-05
1 0.05 0.018 2.3	-0.00322165 9.75462e-05
1 0.05 0.018 2.4	-0.0033132 9.4049e-05
1 0.05 0.018 2.5	-0.00312382 0.000130459
1 0.05 0.018 2.6	-0.00280709 0.0001797
1 0.05 0.018 2.7	-0.00127872 0.000642992
1 0.05 0.018 2.8	0.000364531 0.000681196
1 0.05 0.018 2.9	-0.000214931 0.000716873
1 0.05 0.018 3.0	0.005522 0.00126686
1 0.05 0.02 1.5	-0.0034665 3.15723e-05
1 0.05 0.02 1.6	-0.00343444 4.54213e-05
1 0.05 0.02 1.7	-0.00327665 7.69159e-05
1 0.05 0.02 1.8	-0.00329393 8.53942e-05
1 0.05 0.02 1.9	-0.00312804 0.000119358
1 0.05 0.02 2.0	-0.0031969 0.000123404
1 0.05 0.02 2.1	-0.00246183 0.000348007
1 0.05 0.02 2.2	3.66003e-05 0.000825998
1 0.05 0.02 2.3	-0.00281417 0.000212599
1 0.05 0.02 2.4	0.0111562 0.00171601
1 0.05 0.02 2.5	-0.00232134 0.000298723
1 0.05 0.02 2.6	0.0403704 0.00254628
1 0.05 0.02 2.7	0.062409 0.0026981
1 0.05 0.02 2.8	0.0664338 0.00272143
1 0.05 0.02 2.9	0.0955109 0.00222431
1 0.05 0.02 3.0	0.104261 0.00195937
1 0.05 0.022 1.5	-0.00322867 9.30579e-05
1 0.05 0.022 1.6	-0.00330775 9.53082e-05
1 0.05 0.022 1.7	-0.00254366 0.000380962
1 0.05 0.022 1.8	-0.000394312 0.000609609
1 0.05 0.022 1.9	-0.00275321 0.000217424
1 0.05 0.022 2.0	0.00175023 0.000980891
1 0.05 0.022 2.1	-0.00177632 0.000457703
1 0.05 0.022 2.2	0.0307027 0.00243357
1 0.05 0.022 2.3	0.115708 0.00110697
1 0.05 0.022 2.4	0.0877841 0.0023952
1 0.05 0.022 2.5	0.117608 0.00102383
1 0.05 0.022 2.6	0.103738 0.0020083
1 0.05 0.022 2.7	0.121312 0.000642635
1 0.05 0.022 2.8	0.122702 0.000384476
1 0.05 0.022 2.9	0.118217 0.00113387
1 0.05 0.022 3.0	0.120826 0.000886997
1 0.05 0.024 1.5	-0.00313078 0.000138579
1 0.05 0.024 1.6	-0.00258725 0.000222761
1 0.05 0.024 1.7	0.0050157 0.0012907
1 0.05 0.024 1.8	-0.00246469 0.000277039
1 0.05 0.024 1.9	0.0223068 0.00212163
1 0.05 0.024 2.0	0.0358956 0.00253312
1 0.05 0.024 2.1	0.111261 0.00141759
1 0.05 0.024 2.2	0.119881 0.000742674
1 0.05 0.024 2.3	0.0834217 0.00258168
1 0.05 0.024 2.4	0.122964 0.000188696
1 0.05 0.024 2.5	0.059487 0.0027836
1 0.05 0.024 2.6	0.120743 0.00088647
1 0.05 0.024 2.7	0.116777 0.00133138
1 0.05 0.024 2.8	0.0418069 0.00254969
1 0.05 0.024 2.9	0.126098 0.000128478
1 0.05 0.024 3.0	0.100712 0.00221824
1 0.06 0.018 1.5	-0.00367246 6.35252e-06
1 0.06 0.018 1.6	-0.00366072 8.96254e-06
1 0.06 0.018 1.7	-0.00366313 9.4564e-06
1 0.06 0.018 1.8	-0.00366486 1.24274e-05
1 0.06 0.018 1.9	-0.00369345 1.10154e-05
1 0.06 0.018 2.0	-0.00370092 1.12779e-05
1 0.06 0.018 2.1	-0.0036637 1.83241e-05
1 0.06 0.018 2.2	-0.00365333 2.31344e-05
1 0.06 0.018 2.3	-0.0036798 2.45096e-05
1 0.06 0.018 2.4	-0.00366453 2.83852e-05
1 0.06 0.018 2.5	-0.00372043 2.25552e-05
1 0.06 0.018 2.6	-0.00371453 2.92079e-05
1 0.06 0.018 2.7	-0.00367104 3.976e-05
1 0.06 0.018 2.8	-0.00358548 5.25817e-05
1 0.06 0.018 2.9	-0.00372341 3.71737e-05
1 0.06 0.018 3.0	-0.003584 6.39367e-05
1 0.06 0.02 1.5	-0.0036676 1.95402e-05
1 0.06 0.02 1.6	-0.00368365 2.3933e-05
1 0.06 0.02 1.7	-0.00369745 2.58328e-05
1 0.06 0.02 1.8	-0.00368955 3.2925e-05
1 0.06 0.02 1.9	-0.00376813 2.2297e-05
1 0.06 0.02 2.0	-0.003515 6.44039e-05
1 0.06 0.02 2.1	-0.00358841 6.207e-05
1 0.06 0.02 2.2	-0.00349137 8.20253e-05
1 0.06 0.02 2.3	-0.00378438 4.43231e-05
1 0.06 0.02 2.4	-0.00346797 0.000102228
1 0.06 0.02 2.5	-0.003106 0.000210383
1 0.06 0.02 2.6	-0.00362896 9.29477e-05
1 0.06 0.02 2.7	-0.00220852 0.000385438
1 0.06 0.02 2.8	-0.0026673 0.000221377
1 0.06 0.02 2.9	-0.00274757 0.000227978
1 0.06 0.02 3.0	-0.00165278 0.000503084
1 0.06 0.022 1.5	-0.00357364 5.27358e-05
1 0.06 0.022 1.6	-0.00360228 5.72321e-05
1 0.06 0.022 1.7	-0.00366026 5.89311e-05
1 0.06 0.022 1.8	-0.00353784 8.46314e-05
1 0.06 0.022 1.9	-0.0037581 5.3488e-05
1 0.06 0.022 2.0	-0.00319415 0.000145214
1 0.06 0.022 2.1	-0.00309933 0.000168405
1 0.06 0.022 2.2	-0.0029503 0.00019604
1 0.06 0.022 2.3	-0.00261441 0.000446187
1 0.06 0.022 2.4	-0.0026763 0.000255854
1 0.06 0.022 2.5	-0.000698062 0.00067431
1 0.06 0.022 2.6	0.00919768 0.00153703
1 0.06 0.022 2.7	0.0409931 0.00250113
1 0.06 0.022 2.8	0.0125795 0.00169923
1 0.06 0.022 2.9	0.0456968 0.00263006
1 0.06 0.022 3.0	0.0998678 0.00193613
1 0.06 0.024 1.5	-0.00357272 7.8183e-05
1 0.06 0.024 1.6	-0.00283258 0.000263317
1 0.06 0.024 1.7	-0.00286014 0.000240478
1 0.06 0.024 1.8	-0.00235332 0.000346041
1 0.06 0.024 1.9	0.0021729 0.00096616
1 0.06 0.024 2.0	0.000990305 0.000953761
1 0.06 0.024 2.1	0.00925707 0.00149322
1 0.06 0.024 2.2	0.00804565 0.00149475
1 0.06 0.024 2.3	0.0223565 0.00213988
1 0.06 0.024 2.4	0.049603 0.00264178
1 0.06 0.024 2.5	0.0911256 0.00228159
1 0.06 0.024 2.6	0.112483 0.0013742
1 0.06 0.024 2.7	0.110589 0.00157622
1 0.06 0.024 2.8	0.106648 0.00183939
1 0.06 0.024 2.9	0.1225 0.000258823
1 0.06 0.024 3.0	0.118599 0.00107523
