density	 t_tilde	 bins	 Energy	 EnVariance	 VarianceofTotE	 VarianceOfV 
0.01	0.02	1	-0.00111605	0	1.69645	0
0.01	0.02	2	-0.00106484	3.62111e-05	1.82631	0.0626955
0.01	0.02	3	-0.0010535	2.58569e-05	1.90182	0.0673132
0.01	0.02	4	-0.00104268	2.15393e-05	1.90654	0.0497294
0.01	0.02	5	-0.00107083	3.0515e-05	1.76666	0.112012
0.01	0.02	6	-0.00107666	2.59804e-05	1.75666	0.0933023
0.01	0.02	7	-0.00107744	2.22804e-05	1.69347	0.0973261
0.01	0.02	8	-0.00107324	1.98859e-05	1.67908	0.0862409
0.01	0.02	9	-0.00107893	1.84707e-05	1.68649	0.0767975
0.01	0.02	10	-0.00109308	2.13661e-05	1.66807	0.0680437
0.01	0.02	11	-0.00107857	2.38433e-05	1.6447	0.065549
0.01	0.02	12	-0.00107322	2.24495e-05	1.68647	0.0696461
0.01	0.02	13	-0.00109189	2.74112e-05	1.6895	0.0621257
0.01	0.02	14	-0.00107634	2.95383e-05	1.6576	0.0655068
0.01	0.02	15	-0.0010883	2.98939e-05	1.66842	0.0616387
0.01	0.02	16	-0.00109036	2.80964e-05	1.6734	0.0579647
0.01	0.02	17	-0.00109774	2.73946e-05	1.67304	0.0541431
0.01	0.02	18	-0.00109929	2.59166e-05	1.66926	0.0511773
0.01	0.02	19	-0.00108703	2.73005e-05	1.69654	0.0513661
0.01	0.02	20	-0.00109405	2.68247e-05	1.70848	0.0500952
0.01	0.02	21	-0.00109913	2.60237e-05	1.6955	0.0484315
0.01	0.02	22	-0.00110952	2.68328e-05	1.67965	0.04643
0.01	0.02	23	-0.00111032	2.56782e-05	1.66914	0.0452916
0.01	0.02	24	-0.00111699	2.54599e-05	1.65952	0.0434058
0.01	0.02	25	-0.00111295	2.47605e-05	1.66692	0.0418761
0.01	0.02	26	-0.00111524	2.39136e-05	1.67198	0.0405458
0.01	0.02	27	-0.00112342	2.43861e-05	1.68633	0.0414358
0.01	0.02	28	-0.00112602	2.36536e-05	1.69571	0.0409258
0.01	0.02	29	-0.00112316	2.301e-05	1.71832	0.0437845
0.01	0.02	30	-0.00112252	2.22518e-05	1.71884	0.0423272
0.01	0.02	31	-0.00111401	2.31036e-05	1.72602	0.0405044
0.01	0.02	32	-0.00111336	2.23907e-05	1.74674	0.0432475
0.01	0.02	33	-0.00111368	2.17145e-05	1.73993	0.0423559
0.01	0.02	34	-0.00111264	2.11007e-05	1.74079	0.0411098
0.01	0.02	35	-0.0011099	2.06754e-05	1.72711	0.0420364
0.01	0.02	36	-0.00110414	2.08882e-05	1.73155	0.0406294
0.01	0.02	37	-0.00110574	2.03851e-05	1.75361	0.0444772
0.01	0.02	38	-0.00110152	2.02806e-05	1.75592	0.0431635
0.01	0.02	39	-0.00110634	2.03245e-05	1.76342	0.0426538
0.01	0.02	40	-0.00110943	2.00497e-05	1.76889	0.041912
0.01	0.02	41	-0.00110441	2.01782e-05	1.75773	0.0423856
0.01	0.02	42	-0.00110445	1.96979e-05	1.76685	0.0421922
0.01	0.02	43	-0.00110414	1.92422e-05	1.76527	0.0412409
0.01	0.02	44	-0.00109911	1.94531e-05	1.77724	0.0410587
0.01	0.02	45	-0.00109589	1.92852e-05	1.76679	0.041452
0.01	0.02	46	-0.00109576	1.88663e-05	1.75987	0.041042
0.01	0.02	47	-0.00110034	1.90141e-05	1.7614	0.0400301
0.01	0.02	48	-0.00109692	1.89241e-05	1.7599	0.0391824
0.01	0.02	49	-0.00109684	1.85381e-05	1.78314	0.0438006
0.01	0.02	50	-0.00109594	1.81893e-05	1.77234	0.0441201
0.01	0.02	51	-0.00109386	1.79511e-05	1.76841	0.0434414
0.01	0.02	52	-0.00109799	1.80763e-05	1.77216	0.0426768
0.01	0.02	53	-0.0011013	1.80349e-05	1.78836	0.0447109
0.01	0.02	54	-0.00110226	1.77263e-05	1.78578	0.0439119
0.01	0.02	55	-0.00110597	1.77886e-05	1.79101	0.0433754
0.01	0.02	56	-0.00110228	1.78488e-05	1.80273	0.0434852
0.01	0.02	57	-0.00109857	1.79184e-05	1.80577	0.0426122
0.01	0.02	58	-0.00110053	1.77168e-05	1.81333	0.0425158
0.01	0.02	59	-0.00110026	1.74187e-05	1.7988	0.0439035
0.01	0.02	60	-0.00110059	1.71316e-05	1.79995	0.0431845
0.01	0.02	61	-0.00110606	1.77018e-05	1.80213	0.042286
0.01	0.02	62	-0.00110668	1.74271e-05	1.80506	0.041698
0.01	0.02	63	-0.00110752	1.71706e-05	1.79752	0.0415495
0.01	0.02	64	-0.00110843	1.69264e-05	1.79422	0.0409724
0.01	0.02	65	-0.0011061	1.68246e-05	1.79114	0.0404602
0.01	0.02	66	-0.00110422	1.66748e-05	1.80096	0.0406696
0.01	0.02	67	-0.00110788	1.68237e-05	1.79459	0.0401236
0.01	0.02	68	-0.00110947	1.66511e-05	1.79996	0.0398778
0.01	0.02	69	-0.00111038	1.64344e-05	1.80037	0.0392906
0.01	0.02	70	-0.00111115	1.62179e-05	1.79989	0.0387174
0.01	0.02	71	-0.0011095	1.60731e-05	1.79663	0.0383188
0.01	0.02	72	-0.00111337	1.63085e-05	1.80691	0.039117
0.01	0.02	73	-0.00111428	1.61106e-05	1.80836	0.0386017
0.01	0.02	74	-0.0011162	1.60064e-05	1.80997	0.0380853
0.01	0.02	75	-0.00111658	1.57975e-05	1.82324	0.0395452
0.01	0.02	76	-0.00111557	1.56217e-05	1.81908	0.0392449
0.01	0.02	77	-0.00111386	1.55123e-05	1.81624	0.0388437
0.01	0.02	78	-0.0011146	1.5331e-05	1.81682	0.038343
0.01	0.02	79	-0.00111321	1.52005e-05	1.82109	0.0379906
0.01	0.02	80	-0.00111363	1.50165e-05	1.82111	0.0375113
0.01	0.02	81	-0.00111635	1.50752e-05	1.82622	0.0373736
0.01	0.02	82	-0.00111677	1.4897e-05	1.81703	0.0378353
0.01	0.02	83	-0.0011172	1.47238e-05	1.81247	0.0375909
0.01	0.02	84	-0.00111648	1.4566e-05	1.80387	0.0380371
0.01	0.02	85	-0.00111611	1.43994e-05	1.79978	0.0377936
0.01	0.02	86	-0.00111686	1.42519e-05	1.79673	0.037427
0.01	0.02	87	-0.00111592	1.41193e-05	1.79779	0.0369939
0.01	0.02	88	-0.00111676	1.39838e-05	1.80239	0.0368435
0.01	0.02	89	-0.00111931	1.40568e-05	1.8039	0.0363977
0.01	0.02	90	-0.00111844	1.3927e-05	1.80174	0.0360617
0.01	0.02	91	-0.00111706	1.38431e-05	1.80043	0.0356863
0.01	0.02	92	-0.00111848	1.37658e-05	1.80376	0.0354454
0.01	0.02	93	-0.00111931	1.36428e-05	1.79821	0.0353767
0.01	0.02	94	-0.00111885	1.35054e-05	1.80076	0.0350674
0.01	0.02	95	-0.00111898	1.33639e-05	1.79807	0.0347828
0.01	0.02	96	-0.00112127	1.34205e-05	1.81419	0.03779
0.01	0.02	97	-0.00112124	1.32822e-05	1.81455	0.037402
0.01	0.02	98	-0.00112297	1.32583e-05	1.81867	0.037237
0.01	0.02	99	-0.00112306	1.31247e-05	1.81473	0.0370382
0.01	0.02	100	-0.00112246	1.30073e-05	1.8122	0.0367555
0.02	0.02	1	-0.000780354	0	1.10324	0
0.02	0.02	2	-0.000744224	2.55477e-05	0.978597	0.0883097
0.02	0.02	3	-0.000662882	6.85645e-05	0.939595	0.0635008
0.02	0.02	4	-0.000670736	5.18713e-05	0.965601	0.0520397
0.02	0.02	5	-0.00067689	4.18605e-05	0.975327	0.0424128
0.02	0.02	6	-0.000632166	5.37006e-05	0.966176	0.0351388
0.02	0.02	7	-0.000621077	4.71601e-05	0.980917	0.0315626
0.02	0.02	8	-0.000630837	4.2263e-05	0.988864	0.0284429
0.02	0.02	9	-0.000652352	4.26935e-05	0.980734	0.023848
0.02	0.02	10	-0.000671647	4.25615e-05	0.98123	0.0205512
0.02	0.02	11	-0.000660853	4.00377e-05	0.991224	0.0193502
0.02	0.02	12	-0.000620399	5.33583e-05	0.986559	0.017747
0.02	0.02	13	-0.000630687	5.02359e-05	0.976289	0.0169714
0.02	0.02	14	-0.000611837	5.00596e-05	0.970696	0.0169797
0.02	0.02	15	-0.000607691	4.68936e-05	0.978305	0.0166518
0.02	0.02	16	-0.000603992	4.41084e-05	0.988473	0.0171876
0.02	0.02	17	-0.000597153	4.20408e-05	0.983405	0.0169561
0.02	0.02	18	-0.00060542	4.051e-05	0.987073	0.0162826
0.02	0.02	19	-0.000614136	3.93044e-05	0.993159	0.0163361
0.02	0.02	20	-0.000623594	3.84602e-05	0.984575	0.0159214
0.02	0.02	21	-0.000648496	4.39575e-05	0.982084	0.0132829
0.02	0.02	22	-0.000652859	4.21754e-05	0.986019	0.0130738
0.02	0.02	23	-0.000642497	4.15951e-05	0.986605	0.0124395
0.02	0.02	24	-0.000642863	3.98636e-05	0.983661	0.0120966
0.02	0.02	25	-0.000643892	3.82824e-05	0.982913	0.0116006
0.02	0.02	26	-0.000653895	3.80944e-05	0.987612	0.0118878
0.02	0.02	27	-0.000655245	3.67074e-05	0.984864	0.0115607
0.02	0.02	28	-0.000662341	3.60757e-05	0.983011	0.0108864
0.02	0.02	29	-0.000666698	3.50939e-05	0.983806	0.0104778
0.02	0.02	30	-0.000666906	3.39247e-05	0.986201	0.0102808
0.02	0.02	31	-0.000671076	3.30857e-05	0.984157	0.00986097
0.02	0.02	32	-0.000672033	3.20656e-05	0.983279	0.0095491
0.02	0.02	33	-0.000676425	3.13932e-05	0.983911	0.00921877
0.02	0.02	34	-0.000681042	3.08075e-05	0.987876	0.00956115
0.02	0.02	35	-0.000685831	3.02972e-05	0.982323	0.0096709
0.02	0.02	36	-0.000678979	3.02205e-05	0.983282	0.00930147
0.02	0.02	37	-0.00068598	3.02037e-05	0.982403	0.0087925
0.02	0.02	38	-0.000685941	2.94089e-05	0.983947	0.00863254
0.02	0.02	39	-0.000685584	2.8657e-05	0.984646	0.00842588
0.02	0.02	40	-0.000685731	2.7941e-05	0.984572	0.00821366
0.02	0.02	41	-0.000688836	2.74315e-05	0.986714	0.00821578
0.02	0.02	42	-0.00068385	2.72279e-05	0.983622	0.00856775
0.02	0.02	43	-0.000670952	2.94917e-05	0.982136	0.00848056
0.02	0.02	44	-0.000676207	2.92858e-05	0.98293	0.00825438
0.02	0.02	45	-0.000674837	2.86671e-05	0.984821	0.00815371
0.02	0.02	46	-0.000678376	2.82615e-05	0.985878	0.00800761
0.02	0.02	47	-0.000675239	2.78339e-05	0.985967	0.00784219
0.02	0.02	48	-0.000669978	2.77467e-05	0.986542	0.0076278
0.02	0.02	49	-0.000669019	2.7197e-05	0.988553	0.00758504
0.02	0.02	50	-0.000672452	2.68688e-05	0.989295	0.00743389
0.02	0.02	51	-0.000675606	2.65264e-05	0.986538	0.00734593
0.02	0.02	52	-0.000673924	2.60696e-05	0.986909	0.0072077
0.02	0.02	53	-0.000670332	2.58239e-05	0.988603	0.00706719
0.02	0.02	54	-0.000670652	2.53477e-05	0.98878	0.00693524
0.02	0.02	55	-0.0006767	2.55983e-05	0.990006	0.00685424
0.02	0.02	56	-0.000678994	2.52438e-05	0.990907	0.00676644
0.02	0.02	57	-0.000673572	2.53766e-05	0.98988	0.00676922
0.02	0.02	58	-0.000671915	2.49931e-05	0.990665	0.00665955
0.02	0.02	59	-0.000666276	2.51977e-05	0.990384	0.00655212
0.02	0.02	60	-0.000669254	2.49531e-05	0.990909	0.00643409
0.02	0.02	61	-0.000665937	2.47635e-05	0.991584	0.00630535
0.02	0.02	62	-0.000666773	2.43782e-05	0.991389	0.00619254
0.02	0.02	63	-0.000661628	2.4528e-05	0.990996	0.00612081
0.02	0.02	64	-0.000662747	2.41703e-05	0.989461	0.00607359
0.02	0.02	65	-0.000657505	2.43602e-05	0.988701	0.00606216
0.02	0.02	66	-0.000659874	2.4106e-05	0.988191	0.005921
0.02	0.02	67	-0.000655197	2.41958e-05	0.987212	0.00595332
0.02	0.02	68	-0.000652547	2.39847e-05	0.98732	0.00586633
0.02	0.02	69	-0.000650472	2.37266e-05	0.987142	0.00579777
0.02	0.02	70	-0.000652037	2.34392e-05	0.987475	0.00571074
0.02	0.02	71	-0.000654786	2.32697e-05	0.987965	0.00562616
0.02	0.02	72	-0.000654251	2.29526e-05	0.988598	0.00556228
0.02	0.02	73	-0.000653122	2.2666e-05	0.988016	0.00552175
0.02	0.02	74	-0.000652498	2.23682e-05	0.989189	0.00549738
0.02	0.02	75	-0.0006517	2.20842e-05	0.988134	0.0054983
0.02	0.02	76	-0.00065261	2.18124e-05	0.988957	0.00546408
0.02	0.02	77	-0.000651777	2.1545e-05	0.989473	0.00540047
0.02	0.02	78	-0.000651849	2.12689e-05	0.99057	0.00538882
0.02	0.02	79	-0.000654623	2.11797e-05	0.990047	0.00525598
0.02	0.02	80	-0.000657769	2.11474e-05	0.989941	0.00512982
0.02	0.02	81	-0.000659093	2.09277e-05	0.992431	0.00542306
0.02	0.02	82	-0.000660804	2.07423e-05	0.99104	0.00537083
0.02	0.02	83	-0.000661018	2.04935e-05	0.990521	0.00531459
0.02	0.02	84	-0.000659929	2.02785e-05	0.989317	0.00535639
0.02	0.02	85	-0.000659111	2.00564e-05	0.989292	0.00529791
0.02	0.02	86	-0.000656414	2.00038e-05	0.989412	0.00522641
0.02	0.02	87	-0.000659018	1.99426e-05	0.990251	0.00521294
0.02	0.02	88	-0.00066031	1.97578e-05	0.990231	0.00513829
0.02	0.02	89	-0.000656104	1.99783e-05	0.989979	0.00508497
0.02	0.02	90	-0.000654773	1.98007e-05	0.989027	0.00510903
0.02	0.02	91	-0.000652387	1.97263e-05	0.989238	0.00504238
0.02	0.02	92	-0.000654226	1.95973e-05	0.990873	0.00517138
0.02	0.02	93	-0.000658701	1.9891e-05	0.989923	0.00496046
0.02	0.02	94	-0.000661699	1.9904e-05	0.991107	0.00501608
0.02	0.02	95	-0.000664713	1.99214e-05	0.991202	0.00492032
0.02	0.02	96	-0.000663994	1.97269e-05	0.99166	0.00487511
0.02	0.02	97	-0.000664576	1.95321e-05	0.992612	0.00487987
0.02	0.02	98	-0.000663604	1.9357e-05	0.991984	0.00486983
0.02	0.02	99	-0.000662965	1.9172e-05	0.992691	0.00483814
0.02	0.02	100	-0.000660542	1.91329e-05	0.992293	0.00482098
0.03	0.02	1	-7.70501e-05	0	0.704983	0
0.03	0.02	2	-9.01565e-06	4.81076e-05	0.686943	0.0133666
0.03	0.02	3	-1.42945e-05	3.23601e-05	0.675995	0.0125126
0.03	0.02	4	-5.98466e-05	4.63172e-05	0.692682	0.0167261
0.03	0.02	5	-7.59082e-05	3.97412e-05	0.693688	0.0131386
0.03	0.02	6	-9.67302e-05	3.81848e-05	0.691795	0.0105607
0.03	0.02	7	-0.000110196	3.50237e-05	0.694596	0.00924496
0.03	0.02	8	-0.00015021	4.83753e-05	0.699516	0.00863014
0.03	0.02	9	-0.000142066	4.36805e-05	0.695134	0.00874487
0.03	0.02	10	-0.000161621	4.34699e-05	0.700951	0.00930478
0.03	0.02	11	-0.000167576	3.99239e-05	0.701512	0.00838166
0.03	0.02	12	-0.000175873	3.74492e-05	0.704886	0.00819195
0.03	0.02	13	-0.000186992	3.61817e-05	0.708719	0.00824788
0.03	0.02	14	-0.000186922	3.35973e-05	0.705465	0.00814103
0.03	0.02	15	-0.000178105	3.24937e-05	0.704542	0.00773591
0.03	0.02	16	-0.000180481	3.05496e-05	0.698684	0.00873678
0.03	0.02	17	-0.000175045	2.92323e-05	0.69779	0.00832255
0.03	0.02	18	-0.00015508	3.37443e-05	0.689967	0.0111154
0.03	0.02	19	-0.000140632	3.49244e-05	0.685334	0.0116285
0.03	0.02	20	-0.000146294	3.3634e-05	0.68812	0.0113017
0.03	0.02	21	-0.000150366	3.2278e-05	0.691051	0.0110745
0.03	0.02	22	-0.000146151	3.10848e-05	0.689696	0.0107022
0.03	0.02	23	-0.000151041	3.01154e-05	0.692502	0.0105372
0.03	0.02	24	-0.000158336	2.97311e-05	0.694762	0.0102581
0.03	0.02	25	-0.000155374	2.8689e-05	0.693968	0.00990967
0.03	0.02	26	-0.000157445	2.76602e-05	0.697411	0.0100389
0.03	0.02	27	-0.000165882	2.7893e-05	0.699536	0.00979884
0.03	0.02	28	-0.00017104	2.73695e-05	0.704652	0.0105841
0.03	0.02	29	-0.000167338	2.6675e-05	0.701541	0.0106852
0.03	0.02	30	-0.000168663	2.58188e-05	0.702157	0.0103339
0.03	0.02	31	-0.000169528	2.50004e-05	0.702206	0.00999207
0.03	0.02	32	-0.000170845	2.42538e-05	0.702459	0.0096706
0.03	0.02	33	-0.000166347	2.39323e-05	0.701249	0.00949034
0.03	0.02	34	-0.000166434	2.32286e-05	0.702327	0.00926382
0.03	0.02	35	-0.000155713	2.49164e-05	0.700463	0.00924257
0.03	0.02	36	-0.000155976	2.42257e-05	0.698619	0.00913866
0.03	0.02	37	-0.000150182	2.42539e-05	0.697329	0.0090282
0.03	0.02	38	-0.000155941	2.42895e-05	0.698344	0.00878723
0.03	0.02	39	-0.000164584	2.51578e-05	0.699156	0.00848024
0.03	0.02	40	-0.000159432	2.50508e-05	0.698497	0.00833122
0.03	0.02	41	-0.000157644	2.45035e-05	0.696971	0.00827515
0.03	0.02	42	-0.000156388	2.39523e-05	0.697649	0.00810617
0.03	0.02	43	-0.000157511	2.34215e-05	0.697754	0.00790785
0.03	0.02	44	-0.000153559	2.32202e-05	0.695717	0.00801531
0.03	0.02	45	-0.000153255	2.27062e-05	0.696085	0.00784621
0.03	0.02	46	-0.000154623	2.22537e-05	0.698624	0.00802905
0.03	0.02	47	-0.000157923	2.20236e-05	0.69977	0.00791271
0.03	0.02	48	-0.000163984	2.23833e-05	0.700319	0.00769414
0.03	0.02	49	-0.000164508	2.19326e-05	0.698779	0.00765701
0.03	0.02	50	-0.000170161	2.22106e-05	0.698307	0.00741378
0.03	0.02	51	-0.000171711	2.18291e-05	0.697746	0.00726445
0.03	0.02	52	-0.000176199	2.18659e-05	0.697868	0.00706869
0.03	0.02	53	-0.000172543	2.17569e-05	0.697126	0.00700135
0.03	0.02	54	-0.000168978	2.16442e-05	0.696377	0.00693825
0.03	0.02	55	-0.000170955	2.13408e-05	0.696603	0.00679807
0.03	0.02	56	-0.000176065	2.15627e-05	0.698434	0.0068785
0.03	0.02	57	-0.000173306	2.13602e-05	0.69815	0.00678123
0.03	0.02	58	-0.000172679	2.10011e-05	0.698115	0.00666898
0.03	0.02	59	-0.000177958	2.12986e-05	0.699369	0.0066297
0.03	0.02	60	-0.000176415	2.09994e-05	0.699409	0.00652783
0.03	0.02	61	-0.000177272	2.06727e-05	0.700261	0.00646506
0.03	0.02	62	-0.000177614	2.03421e-05	0.699254	0.00641961
0.03	0.02	63	-0.000175378	2.01418e-05	0.698769	0.0063521
0.03	0.02	64	-0.000175096	1.9829e-05	0.69899	0.0062575
0.03	0.02	65	-0.000174426	1.95353e-05	0.698933	0.00616606
0.03	0.02	66	-0.00017604	1.93059e-05	0.697801	0.00612716
0.03	0.02	67	-0.000177579	1.9079e-05	0.698046	0.0060288
0.03	0.02	68	-0.000174431	1.90565e-05	0.696703	0.00610807
0.03	0.02	69	-0.000174175	1.8782e-05	0.696686	0.00602131
0.03	0.02	70	-0.000172544	1.85844e-05	0.696237	0.00596324
0.03	0.02	71	-0.000174772	1.84556e-05	0.695829	0.00586018
0.03	0.02	72	-0.000177237	1.83632e-05	0.696511	0.0058014
0.03	0.02	73	-0.000178356	1.81457e-05	0.696414	0.00571213
0.03	0.02	74	-0.000178943	1.791e-05	0.697567	0.00573232
0.03	0.02	75	-0.000178602	1.76745e-05	0.698109	0.00567732
0.03	0.02	76	-0.000175541	1.77049e-05	0.696828	0.00576381
0.03	0.02	77	-0.00017508	1.7481e-05	0.696182	0.00572452
0.03	0.02	78	-0.000174528	1.72655e-05	0.695986	0.00565806
0.03	0.02	79	-0.000171485	1.73132e-05	0.695872	0.00559583
0.03	0.02	80	-0.000173226	1.7184e-05	0.696898	0.00560492
0.03	0.02	81	-0.000173309	1.69721e-05	0.69736	0.00555145
0.03	0.02	82	-0.000173774	1.67714e-05	0.697872	0.00550245
0.03	0.02	83	-0.00017286	1.65942e-05	0.697296	0.00547069
0.03	0.02	84	-0.000172976	1.63971e-05	0.696242	0.00548802
0.03	0.02	85	-0.000176721	1.66263e-05	0.696358	0.00538287
0.03	0.02	86	-0.000181194	1.7024e-05	0.697491	0.0054091
0.03	0.02	87	-0.000178664	1.70153e-05	0.696693	0.00542129
0.03	0.02	88	-0.00017889	1.68234e-05	0.695963	0.005397
0.03	0.02	89	-0.000178359	1.66428e-05	0.69597	0.00533916
0.03	0.02	90	-0.000178253	1.64582e-05	0.695707	0.0052861
0.03	0.02	91	-0.00017382	1.68638e-05	0.694552	0.0053787
0.03	0.02	92	-0.000175105	1.67294e-05	0.694692	0.0053129
0.03	0.02	93	-0.000175819	1.65647e-05	0.694439	0.00525367
0.03	0.02	94	-0.000173393	1.65651e-05	0.693887	0.00524086
0.03	0.02	95	-0.000170086	1.67176e-05	0.693365	0.00522764
0.03	0.02	96	-0.000170603	1.65515e-05	0.693262	0.00516988
0.03	0.02	97	-0.000170598	1.63809e-05	0.693247	0.00511663
0.03	0.02	98	-0.000170366	1.62154e-05	0.693518	0.00507107
0.03	0.02	99	-0.000167324	1.63344e-05	0.692802	0.00508759
0.03	0.02	100	-0.000169417	1.63046e-05	0.6938	0.00511911
0.04	0.02	1	0.000174281	0	0.566809	0
0.04	0.02	2	0.000145628	2.02611e-05	0.575359	0.00593735
0.04	0.02	3	0.000129326	1.89631e-05	0.569953	0.00694583
0.04	0.02	4	0.000184535	4.98824e-05	0.544069	0.0235668
0.04	0.02	5	0.00020965	4.5794e-05	0.539885	0.0198232
0.04	0.02	6	0.000218644	3.90349e-05	0.533609	0.0176384
0.04	0.02	7	0.00020559	3.55745e-05	0.53407	0.0151293
0.04	0.02	8	0.000215105	3.23754e-05	0.533607	0.0134521
0.04	0.02	9	0.000201691	3.14346e-05	0.538331	0.0126186
0.04	0.02	10	0.000212335	3.00393e-05	0.538271	0.011636
0.04	0.02	11	0.000206972	2.77831e-05	0.539209	0.0105747
0.04	0.02	12	0.000185002	3.3031e-05	0.541385	0.010026
0.04	0.02	13	0.00018858	3.06832e-05	0.537435	0.0101442
0.04	0.02	14	0.000183001	2.89943e-05	0.537446	0.00940351
0.04	0.02	15	0.00015952	3.5312e-05	0.548005	0.013264
0.04	0.02	16	0.000134365	4.10992e-05	0.558444	0.0157157
0.04	0.02	17	0.000142551	3.94883e-05	0.555196	0.0152414
0.04	0.02	18	0.000126103	4.05757e-05	0.559726	0.0148319
0.04	0.02	19	0.000137515	4.00128e-05	0.556009	0.0146751
0.04	0.02	20	0.000141539	3.8214e-05	0.553307	0.0142528
0.04	0.02	21	0.00012803	3.87087e-05	0.557307	0.0139433
0.04	0.02	22	0.000143369	3.98727e-05	0.553622	0.0140221
0.04	0.02	23	0.000132786	3.95185e-05	0.555655	0.0134228
0.04	0.02	24	0.00014205	3.89424e-05	0.552426	0.0133771
0.04	0.02	25	0.000149989	3.81855e-05	0.549176	0.013343
0.04	0.02	26	0.00014803	3.6767e-05	0.551915	0.01311
0.04	0.02	27	0.000146719	3.54287e-05	0.551688	0.0126124
0.04	0.02	28	0.000148342	3.42005e-05	0.551015	0.0122007
0.04	0.02	29	0.000154574	3.35841e-05	0.548177	0.0121848
0.04	0.02	30	0.000151139	3.26398e-05	0.54801	0.0117533
0.04	0.02	31	0.000158618	3.24325e-05	0.544268	0.0120499
0.04	0.02	32	0.000158189	3.14218e-05	0.54407	0.011671
0.04	0.02	33	0.000158446	3.04707e-05	0.54207	0.0115188
0.04	0.02	34	0.000163084	2.99253e-05	0.540476	0.0113412
0.04	0.02	35	0.000163324	2.90713e-05	0.540173	0.0110242
0.04	0.02	36	0.000163363	2.82638e-05	0.541279	0.0107846
0.04	0.02	37	0.0001668	2.77081e-05	0.540272	0.0105762
0.04	0.02	38	0.000164417	2.70813e-05	0.540253	0.0102817
0.04	0.02	39	0.000160867	2.66185e-05	0.541617	0.0100731
0.04	0.02	40	0.000164916	2.62592e-05	0.540831	0.00989657
0.04	0.02	41	0.000166425	2.5662e-05	0.540998	0.00967639
0.04	0.02	42	0.000169137	2.51939e-05	0.539092	0.00966459
0.04	0.02	43	0.000169503	2.46106e-05	0.539459	0.00945276
0.04	0.02	44	0.000167354	2.41449e-05	0.541405	0.00942943
0.04	0.02	45	0.000167036	2.36105e-05	0.540802	0.00924168
0.04	0.02	46	0.000166211	2.31116e-05	0.541081	0.00903789
0.04	0.02	47	0.00016783	2.26766e-05	0.54187	0.00891471
0.04	0.02	48	0.000168869	2.22279e-05	0.542381	0.00876127
0.04	0.02	49	0.000167652	2.18075e-05	0.542231	0.00857815
0.04	0.02	50	0.000170992	2.16255e-05	0.540178	0.00868088
0.04	0.02	51	0.000169778	2.12355e-05	0.540467	0.00850628
0.04	0.02	52	0.000165341	2.12856e-05	0.542204	0.00848373
0.04	0.02	53	0.000167887	2.10358e-05	0.541095	0.00841583
0.04	0.02	54	0.000166547	2.06889e-05	0.54074	0.00826583
0.04	0.02	55	0.000166301	2.03142e-05	0.540399	0.00812283
0.04	0.02	56	0.000167034	1.99647e-05	0.539493	0.00803788
0.04	0.02	57	0.000169548	1.97721e-05	0.538646	0.00796007
0.04	0.02	58	0.000169824	1.94331e-05	0.537852	0.00786972
0.04	0.02	59	0.000170245	1.91083e-05	0.537284	0.00776168
0.04	0.02	60	0.000173657	1.90919e-05	0.537107	0.00767596
0.04	0.02	61	0.000173559	1.87792e-05	0.537416	0.00755655
0.04	0.02	62	0.000173442	1.84767e-05	0.537803	0.00744526
0.04	0.02	63	0.000172862	1.81925e-05	0.538583	0.00736764
0.04	0.02	64	0.000172046	1.79265e-05	0.539389	0.00729393
0.04	0.02	65	0.000171679	1.76545e-05	0.539443	0.00717961
0.04	0.02	66	0.0001762	1.79566e-05	0.538197	0.00721201
0.04	0.02	67	0.000176252	1.76886e-05	0.538481	0.00711152
0.04	0.02	68	0.000176153	1.74288e-05	0.538614	0.00700765
0.04	0.02	69	0.000175161	1.72043e-05	0.539068	0.0069145
0.04	0.02	70	0.00017719	1.70778e-05	0.538608	0.00684563
0.04	0.02	71	0.000181133	1.72864e-05	0.537342	0.00689157
0.04	0.02	72	0.000180378	1.70628e-05	0.53685	0.00681788
0.04	0.02	73	0.000179649	1.68446e-05	0.537929	0.00681377
0.04	0.02	74	0.000179012	1.6629e-05	0.538383	0.00673341
0.04	0.02	75	0.000177861	1.64471e-05	0.538965	0.00666189
0.04	0.02	76	0.000175956	1.63406e-05	0.540124	0.00666481
0.04	0.02	77	0.000174423	1.62001e-05	0.539988	0.00657869
0.04	0.02	78	0.000173146	1.60427e-05	0.540809	0.00653914
0.04	0.02	79	0.000171851	1.58918e-05	0.541864	0.00653707
0.04	0.02	80	0.000173426	1.57709e-05	0.541697	0.00647
0.04	0.02	81	0.000170852	1.57848e-05	0.542504	0.00642613
0.04	0.02	82	0.00017083	1.55923e-05	0.542124	0.00636109
0.04	0.02	83	0.000172228	1.54669e-05	0.54126	0.00635209
0.04	0.02	84	0.000172126	1.52831e-05	0.541004	0.00628234
0.04	0.02	85	0.000169258	1.53702e-05	0.542261	0.00631689
0.04	0.02	86	0.000171101	1.53016e-05	0.541318	0.00632431
0.04	0.02	87	0.000171799	1.51416e-05	0.541045	0.00626146
0.04	0.02	88	0.000171189	1.49818e-05	0.541125	0.00618784
0.04	0.02	89	0.000169024	1.49692e-05	0.541953	0.00616158
0.04	0.02	90	0.000170813	1.49094e-05	0.541076	0.00616532
0.04	0.02	91	0.000170626	1.47467e-05	0.541214	0.00609812
0.04	0.02	92	0.000170696	1.45866e-05	0.541483	0.00603949
0.04	0.02	93	0.000170002	1.44463e-05	0.541111	0.00598882
0.04	0.02	94	0.000170996	1.43268e-05	0.540655	0.00594771
0.04	0.02	95	0.000171994	1.42107e-05	0.540354	0.00589822
0.04	0.02	96	0.00017233	1.40666e-05	0.54024	0.00583966
0.04	0.02	97	0.000175215	1.42144e-05	0.539363	0.0058616
0.04	0.02	98	0.000176961	1.41762e-05	0.538763	0.00584182
0.04	0.02	99	0.000176438	1.40426e-05	0.538828	0.00578081
0.04	0.02	100	0.000174615	1.402e-05	0.539586	0.005763
0.05	0.02	1	0.000312979	0	0.501239	0
0.05	0.02	2	0.000390037	5.44886e-05	0.453927	0.0342382
0.05	0.02	3	0.000407403	3.8995e-05	0.441202	0.0253231
0.05	0.02	4	0.00037311	4.16819e-05	0.453576	0.0216915
0.05	0.02	5	0.000383791	3.46872e-05	0.446832	0.0185137
0.05	0.02	6	0.000392807	3.00547e-05	0.446354	0.0157191
0.05	0.02	7	0.000381511	2.78029e-05	0.454047	0.0151623
0.05	0.02	8	0.000386959	2.48555e-05	0.449014	0.014169
0.05	0.02	9	0.000393639	2.29739e-05	0.446415	0.0129031
0.05	0.02	10	0.000380174	2.43043e-05	0.452591	0.0129167
0.05	0.02	11	0.000389369	2.37707e-05	0.44901	0.0123275
0.05	0.02	12	0.000396678	2.2886e-05	0.448173	0.0115251
0.05	0.02	13	0.000402627	2.1885e-05	0.444065	0.011412
0.05	0.02	14	0.000397602	2.08906e-05	0.446201	0.0107604
0.05	0.02	15	0.000414328	2.53237e-05	0.439311	0.0122121
0.05	0.02	16	0.000418916	2.41529e-05	0.4362	0.011893
0.05	0.02	17	0.000425784	2.36885e-05	0.43428	0.0114467
0.05	0.02	18	0.000426021	2.23736e-05	0.434707	0.010827
0.05	0.02	19	0.000426225	2.1197e-05	0.434166	0.0102766
0.05	0.02	20	0.000428189	2.0228e-05	0.433017	0.00984246
0.05	0.02	21	0.000428844	1.92754e-05	0.433304	0.00939176
0.05	0.02	22	0.000427972	1.8419e-05	0.43455	0.00905828
0.05	0.02	23	0.000421168	1.88329e-05	0.439337	0.00984436
0.05	0.02	24	0.000418889	1.81856e-05	0.442147	0.00986346
0.05	0.02	25	0.000418383	1.74652e-05	0.441431	0.00951158
0.05	0.02	26	0.000413926	1.7353e-05	0.444902	0.00975065
0.05	0.02	27	0.000412006	1.68161e-05	0.44568	0.00941022
0.05	0.02	28	0.000404231	1.79233e-05	0.450103	0.0100129
0.05	0.02	29	0.000399573	1.79001e-05	0.452154	0.00985021
0.05	0.02	30	0.000399611	1.73035e-05	0.45285	0.00955633
0.05	0.02	31	0.000402606	1.70025e-05	0.450569	0.00954192
0.05	0.02	32	0.000403897	1.65202e-05	0.449698	0.00929174
0.05	0.02	33	0.000401145	1.62472e-05	0.450841	0.00906673
0.05	0.02	34	0.000404168	1.60481e-05	0.449361	0.00893865
0.05	0.02	35	0.000403291	1.56136e-05	0.449709	0.00868533
0.05	0.02	36	0.00039985	1.55545e-05	0.451356	0.00858068
0.05	0.02	37	0.000401977	1.52788e-05	0.450756	0.00838883
0.05	0.02	38	0.000396707	1.57591e-05	0.454629	0.00900561
0.05	0.02	39	0.000400277	1.57541e-05	0.452944	0.00895383
0.05	0.02	40	0.000397852	1.55456e-05	0.454172	0.0088003
0.05	0.02	41	0.000396439	1.52306e-05	0.454989	0.00861552
0.05	0.02	42	0.000395631	1.48894e-05	0.454833	0.00841504
0.05	0.02	43	0.000395208	1.45491e-05	0.455439	0.00824166
0.05	0.02	44	0.000393829	1.42837e-05	0.455149	0.00807655
0.05	0.02	45	0.000390994	1.42448e-05	0.456518	0.00799858
0.05	0.02	46	0.000389472	1.40162e-05	0.456724	0.00782859
0.05	0.02	47	0.000387719	1.38273e-05	0.457461	0.007689
0.05	0.02	48	0.00038627	1.36149e-05	0.457793	0.00753372
0.05	0.02	49	0.000387127	1.3364e-05	0.457605	0.0073885
0.05	0.02	50	0.000392058	1.3977e-05	0.455202	0.00764813
0.05	0.02	51	0.000390787	1.37606e-05	0.456109	0.00754634
0.05	0.02	52	0.000395944	1.44299e-05	0.453781	0.00778363
0.05	0.02	53	0.000393975	1.42914e-05	0.454476	0.00766054
0.05	0.02	54	0.000394004	1.40268e-05	0.45413	0.00752932
0.05	0.02	55	0.000394756	1.37919e-05	0.453892	0.00740075
0.05	0.02	56	0.000392586	1.37154e-05	0.454632	0.00729896
0.05	0.02	57	0.000392857	1.34774e-05	0.455446	0.0072412
0.05	0.02	58	0.000394307	1.33228e-05	0.455087	0.00713699
0.05	0.02	59	0.000396209	1.32321e-05	0.454752	0.00704559
0.05	0.02	60	0.000394827	1.30835e-05	0.455597	0.00697227
0.05	0.02	61	0.000393616	1.29249e-05	0.456163	0.00687523
0.05	0.02	62	0.000397028	1.3159e-05	0.454679	0.00694172
0.05	0.02	63	0.000397064	1.29502e-05	0.454466	0.00683607
0.05	0.02	64	0.000396483	1.27608e-05	0.454663	0.00672968
0.05	0.02	65	0.000396288	1.2566e-05	0.455245	0.00665695
0.05	0.02	66	0.000395575	1.23958e-05	0.456034	0.00660422
0.05	0.02	67	0.000395791	1.22127e-05	0.455568	0.0065266
0.05	0.02	68	0.000394102	1.21493e-05	0.456803	0.00654199
0.05	0.02	69	0.000395407	1.20431e-05	0.455925	0.00651257
0.05	0.02	70	0.000397662	1.20803e-05	0.45492	0.00650792
0.05	0.02	71	0.000397134	1.19217e-05	0.455221	0.00642089
0.05	0.02	72	0.000398995	1.19005e-05	0.454516	0.00638106
0.05	0.02	73	0.000400237	1.18021e-05	0.4541	0.00631453
0.05	0.02	74	0.000400804	1.16562e-05	0.453634	0.00624957
0.05	0.02	75	0.000402063	1.15685e-05	0.453204	0.00618832
0.05	0.02	76	0.00039981	1.16336e-05	0.455029	0.00637162
0.05	0.02	77	0.000396338	1.19894e-05	0.456179	0.00639215
0.05	0.02	78	0.000397528	1.18947e-05	0.456676	0.00637311
0.05	0.02	79	0.00039689	1.17613e-05	0.457433	0.00633949
0.05	0.02	80	0.000395264	1.17262e-05	0.458107	0.00629016
0.05	0.02	81	0.000393423	1.17249e-05	0.458818	0.00624674
0.05	0.02	82	0.000392795	1.15988e-05	0.458861	0.00617057
0.05	0.02	83	0.000393235	1.14674e-05	0.459273	0.00612463
0.05	0.02	84	0.000391893	1.1409e-05	0.460294	0.00613334
0.05	0.02	85	0.000391252	1.12928e-05	0.460604	0.00606639
0.05	0.02	86	0.000393051	1.1304e-05	0.459939	0.00604254
0.05	0.02	87	0.000392831	1.11762e-05	0.459821	0.00597506
0.05	0.02	88	0.000393277	1.10581e-05	0.459585	0.00591363
0.05	0.02	89	0.000393473	1.09356e-05	0.459573	0.00584828
0.05	0.02	90	0.000394665	1.08788e-05	0.459064	0.0058107
0.05	0.02	91	0.000396911	1.09887e-05	0.457998	0.00585346
0.05	0.02	92	0.000397577	1.08894e-05	0.457803	0.00579663
0.05	0.02	93	0.000396405	1.08352e-05	0.458252	0.00574793
0.05	0.02	94	0.000395337	1.07725e-05	0.458673	0.00569861
0.05	0.02	95	0.000393775	1.07716e-05	0.45943	0.00568263
0.05	0.02	96	0.000392489	1.07359e-05	0.460137	0.00566218
0.05	0.02	97	0.000392158	1.06304e-05	0.460117	0.00560381
0.05	0.02	98	0.000391342	1.05531e-05	0.460742	0.00557943
0.05	0.02	99	0.000391621	1.04502e-05	0.460932	0.00553128
0.05	0.02	100	0.000389537	1.05515e-05	0.462197	0.00561163
0.06	0.02	1	0.000594044	0	0.390819	0
0.06	0.02	2	0.000495557	6.96407e-05	0.432097	0.0279083
0.06	0.02	3	0.000545544	6.18167e-05	0.407053	0.028621
0.06	0.02	4	0.000554904	4.70659e-05	0.395997	0.0241417
0.06	0.02	5	0.000569497	3.98507e-05	0.383704	0.0226399
0.06	0.02	6	0.000585633	3.63292e-05	0.37578	0.0204264
0.06	0.02	7	0.000563674	3.71884e-05	0.386611	0.0199333
0.06	0.02	8	0.000541548	3.85642e-05	0.405042	0.0245442
0.06	0.02	9	0.000538617	3.43905e-05	0.406464	0.0218225
0.06	0.02	10	0.000530053	3.2e-05	0.412118	0.0202611
0.06	0.02	11	0.000521938	3.01024e-05	0.418679	0.019385
0.06	0.02	12	0.000522884	2.76087e-05	0.415931	0.0180228
0.06	0.02	13	0.000506267	3.00729e-05	0.423878	0.0182081
0.06	0.02	14	0.00049794	2.90548e-05	0.426939	0.0171203
0.06	0.02	15	0.000494409	2.73315e-05	0.429492	0.0161355
0.06	0.02	16	0.000490776	2.58636e-05	0.430762	0.0151526
0.06	0.02	17	0.000481944	2.58062e-05	0.433202	0.014478
0.06	0.02	18	0.000486595	2.47881e-05	0.431254	0.0138536
0.06	0.02	19	0.000488803	2.35816e-05	0.430942	0.0131621
0.06	0.02	20	0.000490488	2.24626e-05	0.430239	0.0125379
0.06	0.02	21	0.000493685	2.16193e-05	0.429083	0.0120273
0.06	0.02	22	0.000495553	2.07171e-05	0.430393	0.0116783
0.06	0.02	23	0.000503168	2.11698e-05	0.426388	0.0118956
0.06	0.02	24	0.000507873	2.08038e-05	0.425387	0.0115342
0.06	0.02	25	0.000511418	2.02716e-05	0.422827	0.0113871
0.06	0.02	26	0.000510087	1.95356e-05	0.424112	0.0110181
0.06	0.02	27	0.00050777	1.89489e-05	0.425237	0.0106518
0.06	0.02	28	0.000507091	1.82843e-05	0.425561	0.0102717
0.06	0.02	29	0.000508776	1.77313e-05	0.424225	0.0100187
0.06	0.02	30	0.000508839	1.71404e-05	0.425128	0.00974776
0.06	0.02	31	0.000506401	1.676e-05	0.426445	0.00950696
0.06	0.02	32	0.00050455	1.63381e-05	0.427543	0.0092619
0.06	0.02	33	0.000502525	1.5968e-05	0.427652	0.0089987
0.06	0.02	34	0.000504637	1.56374e-05	0.426495	0.00882031
0.06	0.02	35	0.000508279	1.5609e-05	0.424483	0.00881554
0.06	0.02	36	0.000513915	1.61609e-05	0.42151	0.00909141
0.06	0.02	37	0.000515134	1.577e-05	0.42113	0.00886343
0.06	0.02	38	0.000516371	1.54035e-05	0.420605	0.00865369
0.06	0.02	39	0.00051435	1.51405e-05	0.421245	0.0084514
0.06	0.02	40	0.000514451	1.47623e-05	0.421654	0.00825725
0.06	0.02	41	0.000510046	1.50449e-05	0.423637	0.00827314
0.06	0.02	42	0.000510514	1.4694e-05	0.42323	0.00808945
0.06	0.02	43	0.000509307	1.44017e-05	0.423569	0.00790538
0.06	0.02	44	0.000511938	1.43125e-05	0.422322	0.00783845
0.06	0.02	45	0.000507899	1.45532e-05	0.42578	0.0084131
0.06	0.02	46	0.000508314	1.42427e-05	0.426291	0.00826427
0.06	0.02	47	0.000510094	1.40505e-05	0.425015	0.00819734
0.06	0.02	48	0.000507307	1.40315e-05	0.426853	0.00821709
0.06	0.02	49	0.000506017	1.38042e-05	0.428244	0.00817094
0.06	0.02	50	0.000504944	1.35699e-05	0.42929	0.00807353
0.06	0.02	51	0.000506023	1.33466e-05	0.428407	0.0079704
0.06	0.02	52	0.000504326	1.31974e-05	0.429356	0.00786534
0.06	0.02	53	0.000505834	1.30343e-05	0.42878	0.00774838
0.06	0.02	54	0.000506872	1.28342e-05	0.427712	0.00768894
0.06	0.02	55	0.000505428	1.26818e-05	0.428445	0.00757764
0.06	0.02	56	0.000502211	1.2857e-05	0.430701	0.00775902
0.06	0.02	57	0.000504321	1.28034e-05	0.429492	0.00772659
0.06	0.02	58	0.000505678	1.26543e-05	0.428734	0.00763694
0.06	0.02	59	0.000508203	1.26894e-05	0.426963	0.00772338
0.06	0.02	60	0.000507405	1.25031e-05	0.428378	0.00774375
0.06	0.02	61	0.000508778	1.23732e-05	0.427497	0.0076731
0.06	0.02	62	0.000509568	1.21989e-05	0.427299	0.00755795
0.06	0.02	63	0.000510003	1.2013e-05	0.427093	0.00744286
0.06	0.02	64	0.000512628	1.21086e-05	0.425409	0.00752628
0.06	0.02	65	0.000512782	1.19233e-05	0.425453	0.00741189
0.06	0.02	66	0.0005136	1.17707e-05	0.424497	0.00737053
0.06	0.02	67	0.000515274	1.17133e-05	0.423478	0.00733787
0.06	0.02	68	0.000511533	1.21238e-05	0.425416	0.00746965
0.06	0.02	69	0.000510082	1.20345e-05	0.426056	0.00738416
0.06	0.02	70	0.000509706	1.18685e-05	0.425828	0.00728692
0.06	0.02	71	0.00050917	1.17134e-05	0.426344	0.0072013
0.06	0.02	72	0.000511196	1.17247e-05	0.425266	0.00719116
0.06	0.02	73	0.000511791	1.15792e-05	0.425052	0.00709912
0.06	0.02	74	0.000511177	1.14389e-05	0.425187	0.0070037
0.06	0.02	75	0.00051266	1.13821e-05	0.424596	0.00694468
0.06	0.02	76	0.000513036	1.12386e-05	0.424332	0.00685994
0.06	0.02	77	0.00051436	1.11704e-05	0.423591	0.00681641
0.06	0.02	78	0.000513135	1.10941e-05	0.424353	0.00676646
0.06	0.02	79	0.000512062	1.10054e-05	0.425149	0.00672375
0.06	0.02	80	0.000511935	1.08686e-05	0.424848	0.00665071
0.06	0.02	81	0.000512648	1.07577e-05	0.424517	0.00658009
0.06	0.02	82	0.000513333	1.06484e-05	0.424334	0.00650703
0.06	0.02	83	0.000512037	1.05987e-05	0.425151	0.00647462
0.06	0.02	84	0.000511529	1.04847e-05	0.425863	0.00644014
0.06	0.02	85	0.000510146	1.04522e-05	0.426634	0.00640525
0.06	0.02	86	0.000509074	1.03854e-05	0.427689	0.00641835
0.06	0.02	87	0.000508695	1.02729e-05	0.428095	0.00635697
0.06	0.02	88	0.00050867	1.01562e-05	0.428043	0.006285
0.06	0.02	89	0.000508739	1.00424e-05	0.427598	0.00623608
0.06	0.02	90	0.000508572	9.93217e-06	0.427508	0.00616814
0.06	0.02	91	0.000509138	9.83915e-06	0.42683	0.00614327
0.06	0.02	92	0.000508132	9.7835e-06	0.427349	0.00609507
0.06	0.02	93	0.00050893	9.71078e-06	0.426953	0.0060456
0.06	0.02	94	0.00050812	9.64113e-06	0.42739	0.00599433
0.06	0.02	95	0.000507432	9.56418e-06	0.428037	0.00596528
0.06	0.02	96	0.000508753	9.55532e-06	0.427384	0.00594454
0.06	0.02	97	0.000509773	9.5111e-06	0.426893	0.00590787
0.06	0.02	98	0.000510371	9.43281e-06	0.426853	0.00585394
0.06	0.02	99	0.00051148	9.40253e-06	0.425969	0.00586645
0.06	0.02	100	0.000510937	9.32416e-06	0.426523	0.00583368
0.07	0.02	1	0.000557037	0	0.475718	0
0.07	0.02	2	0.000566721	6.84788e-06	0.438243	0.0265116
0.07	0.02	3	0.000606534	3.28264e-05	0.408766	0.0312322
0.07	0.02	4	0.000585577	3.05865e-05	0.418653	0.0251001
0.07	0.02	5	0.000603465	2.92356e-05	0.407843	0.0225373
0.07	0.02	6	0.000598736	2.47425e-05	0.409054	0.0188236
0.07	0.02	7	0.000619791	2.8805e-05	0.3934	0.0218637
0.07	0.02	8	0.000631067	2.73227e-05	0.388469	0.0199085
0.07	0.02	9	0.000638957	2.54003e-05	0.381893	0.018829
0.07	0.02	10	0.000642922	2.31678e-05	0.376402	0.0178349
0.07	0.02	11	0.000630208	2.43015e-05	0.387757	0.0194156
0.07	0.02	12	0.00062727	2.24532e-05	0.390496	0.017967
0.07	0.02	13	0.000639909	2.40214e-05	0.380864	0.0190937
0.07	0.02	14	0.00064622	2.31196e-05	0.375201	0.0186068
0.07	0.02	15	0.000635253	2.4039e-05	0.381057	0.0182562
0.07	0.02	16	0.000631004	2.2909e-05	0.38473	0.0174475
0.07	0.02	17	0.000627758	2.17902e-05	0.38616	0.0164671
0.07	0.02	18	0.000624688	2.07948e-05	0.389109	0.0157958
0.07	0.02	19	0.000622564	1.98085e-05	0.389972	0.0149801
0.07	0.02	20	0.000624738	1.8937e-05	0.388397	0.014329
0.07	0.02	21	0.000618722	1.89668e-05	0.392493	0.0141821
0.07	0.02	22	0.000617588	1.81386e-05	0.39303	0.0135415
0.07	0.02	23	0.000617361	1.73513e-05	0.393111	0.0129516
0.07	0.02	24	0.00061635	1.66578e-05	0.393177	0.012414
0.07	0.02	25	0.000616421	1.59916e-05	0.39306	0.0119185
0.07	0.02	26	0.000618216	1.54769e-05	0.391566	0.0115641
0.07	0.02	27	0.000617014	1.49503e-05	0.392468	0.0111642
0.07	0.02	28	0.000619113	1.45629e-05	0.39073	0.0109119
0.07	0.02	29	0.000619079	1.40608e-05	0.390545	0.0105379
0.07	0.02	30	0.000621404	1.37831e-05	0.38959	0.0102546
0.07	0.02	31	0.000623277	1.3465e-05	0.387662	0.0101187
0.07	0.02	32	0.000625346	1.32023e-05	0.385037	0.0101704
0.07	0.02	33	0.000626227	1.28316e-05	0.3837	0.00996297
0.07	0.02	34	0.000621764	1.32078e-05	0.386123	0.00996002
0.07	0.02	35	0.0006199	1.29613e-05	0.387343	0.00974167
0.07	0.02	36	0.00061917	1.26218e-05	0.388175	0.00950492
0.07	0.02	37	0.000617953	1.23392e-05	0.389592	0.00935324
0.07	0.02	38	0.00061992	1.21701e-05	0.388139	0.00922814
0.07	0.02	39	0.000616822	1.2246e-05	0.39079	0.00935294
0.07	0.02	40	0.000617863	1.19841e-05	0.389074	0.00929859
0.07	0.02	41	0.000616949	1.17266e-05	0.389948	0.00910935
0.07	0.02	42	0.000617291	1.14524e-05	0.389884	0.00889509
0.07	0.02	43	0.000615521	1.13219e-05	0.390995	0.0087515
0.07	0.02	44	0.000614806	1.10872e-05	0.39197	0.00860807
0.07	0.02	45	0.000613931	1.08753e-05	0.392203	0.00842123
0.07	0.02	46	0.000614684	1.06649e-05	0.392329	0.00825465
0.07	0.02	47	0.000612847	1.0595e-05	0.394341	0.00832172
0.07	0.02	48	0.000613854	1.0422e-05	0.393308	0.00821747
0.07	0.02	49	0.000612002	1.03725e-05	0.394211	0.00809961
0.07	0.02	50	0.000613811	1.03215e-05	0.393226	0.00800871
0.07	0.02	51	0.000614527	1.0144e-05	0.392607	0.00787839
0.07	0.02	52	0.000615356	9.98271e-06	0.392378	0.00773786
0.07	0.02	53	0.000614143	9.86779e-06	0.392905	0.00760997
0.07	0.02	54	0.000614602	9.69573e-06	0.392811	0.00747316
0.07	0.02	55	0.000614867	9.52306e-06	0.392248	0.00736297
0.07	0.02	56	0.000617768	9.7847e-06	0.389977	0.00758391
0.07	0.02	57	0.000618121	9.6194e-06	0.389461	0.00747126
0.07	0.02	58	0.00048541	0.000131901	14.5497	14.0344
0.07	0.02	59	0.000487351	0.000129679	14.31	13.7987
0.07	0.02	60	0.000489913	0.000127543	14.0783	13.5708
0.07	0.02	61	0.000494316	0.000125528	13.8524	13.3504
0.07	0.02	62	0.000492032	0.000123525	13.6376	13.1367
0.07	0.02	63	0.000495651	0.000121617	13.4264	12.93
0.07	0.02	64	0.000482132	0.000120466	14.6423	12.7845
0.07	0.02	65	0.000484534	0.000118636	14.4228	12.5898
0.07	0.02	66	0.000487393	0.000116873	14.2096	12.4009
0.07	0.02	67	0.000489179	0.000115142	14.0044	12.2176
0.07	0.02	68	0.000491164	0.000113466	13.804	12.0397
0.07	0.02	69	0.000493802	0.000111852	13.6089	11.8669
0.07	0.02	70	0.0004969	0.000110297	13.4193	11.699
0.07	0.02	71	0.000498455	0.000108755	13.2361	11.5357
0.07	0.02	72	0.000499882	0.000107254	13.058	11.3769
0.07	0.02	73	0.00050184	0.000105802	12.8842	11.2225
0.07	0.02	74	0.000503389	0.000104384	12.7153	11.0722
0.07	0.02	75	0.000498754	0.000103095	12.9552	10.927
0.07	0.02	76	0.000501134	0.000101766	12.789	10.7845
0.07	0.02	77	0.000500828	0.000100445	12.6289	10.6457
0.07	0.02	78	0.000501299	9.91582e-05	12.4727	10.5103
0.07	0.02	79	0.00050161	9.79036e-05	12.3204	10.3784
0.07	0.02	80	0.000504626	9.67262e-05	12.1703	10.2499
0.07	0.02	81	0.000505497	9.5536e-05	12.0251	10.1244
0.07	0.02	82	0.000508082	9.44059e-05	11.8824	10.002
0.07	0.02	83	0.000509927	9.32865e-05	11.7436	9.88255
0.07	0.02	84	0.000511269	9.21856e-05	11.6085	9.76587
0.07	0.02	85	0.000512994	9.11172e-05	11.4762	9.65193
0.07	0.02	86	0.000516128	9.01115e-05	11.3464	9.54068
0.07	0.02	87	0.000517918	8.90936e-05	11.2199	9.43192
0.07	0.02	88	0.000519199	8.80903e-05	11.0966	9.32559
0.07	0.02	89	0.000521026	8.71195e-05	10.9764	9.22164
0.07	0.02	90	0.000523043	8.61748e-05	10.858	9.12
0.07	0.02	91	0.000524607	8.52421e-05	10.7429	9.02056
0.07	0.02	92	0.000526411	8.43346e-05	10.6297	8.92328
0.07	0.02	93	0.000504889	8.61302e-05	12.8165	9.09067
0.07	0.02	94	0.000506461	8.52283e-05	12.6841	8.99497
0.07	0.02	95	0.000506846	8.4332e-05	12.5552	8.90122
0.07	0.02	96	0.000509222	8.3487e-05	12.4277	8.80949
0.07	0.02	97	0.000510095	8.26309e-05	12.3037	8.71957
0.07	0.02	98	0.000513059	8.18409e-05	12.1809	8.63156
0.07	0.02	99	0.00051356	8.10158e-05	12.062	8.5452
0.07	0.02	100	0.000514102	8.02074e-05	11.9454	8.46056
0.08	0.02	1	0.000667028	0	0.351328	0
0.08	0.02	2	0.000652612	1.01936e-05	0.407343	0.0395815
0.08	0.02	3	0.000664338	1.1741e-05	0.393192	0.0292998
0.08	0.02	4	0.000691027	2.47342e-05	0.373821	0.0289882
0.08	0.02	5	0.000680409	2.19486e-05	0.380056	0.0239326
0.08	0.02	6	0.000671504	2.00155e-05	0.385784	0.020642
0.08	0.02	7	0.000679858	1.8819e-05	0.37759	0.0193059
0.08	0.02	8	0.00067887	1.64925e-05	0.374319	0.017313
0.08	0.02	9	0.000685542	1.59528e-05	0.37187	0.015778
0.08	0.02	10	0.000695305	1.70859e-05	0.364043	0.0161046
0.08	0.02	11	0.000696664	1.55866e-05	0.364474	0.0146887
0.08	0.02	12	0.00047027	0.000217227	16.2481	15.1983
0.08	0.02	13	0.000494001	0.000201809	15.0218	14.0804
0.08	0.02	14	0.00050955	0.000187992	13.9728	13.1147
0.08	0.02	15	0.000518154	0.000175656	13.0687	12.2721
0.08	0.02	16	0.000523107	0.000164747	12.2776	11.5309
0.08	0.02	17	0.000538653	0.000155788	11.5746	10.8749
0.08	0.02	18	0.000545645	0.00014729	10.9522	10.289
0.08	0.02	19	0.000554035	0.000139777	10.395	9.76296
0.08	0.02	20	0.000555077	0.000132792	9.89546	9.28766
0.08	0.02	21	0.000557426	0.000126489	9.44524	8.85642
0.08	0.02	22	0.000560854	0.000120786	9.03502	8.46351
0.08	0.02	23	0.000565417	0.000115621	8.65923	8.10407
0.08	0.02	24	0.000569076	0.000110861	8.31354	7.77392
0.08	0.02	25	0.00057404	0.000106538	7.9955	7.46966
0.08	0.02	26	0.000575843	0.000102455	7.70429	7.18812
0.08	0.02	27	0.000579732	9.87344e-05	7.43262	6.92716
0.08	0.02	28	0.000583806	9.52922e-05	7.1807	6.68449
0.08	0.02	29	0.000588424	9.21181e-05	6.94594	6.45827
0.08	0.02	30	0.000590577	8.90726e-05	6.72751	6.24676
0.08	0.02	31	0.000593999	8.6265e-05	6.52106	6.04877
0.08	0.02	32	0.000594723	8.35723e-05	6.33138	5.86275
0.08	0.02	33	0.000596146	8.10519e-05	6.15211	5.68788
0.08	0.02	34	0.000600771	7.87999e-05	5.98062	5.52331
0.08	0.02	35	0.000602949	7.65786e-05	5.82045	5.36789
0.08	0.02	36	0.000606591	7.45379e-05	5.66841	5.22104
0.08	0.02	37	0.000609662	7.25866e-05	5.52405	5.08201
0.08	0.02	38	0.000611393	7.06971e-05	5.38864	4.95012
0.08	0.02	39	0.000614446	6.89502e-05	5.25876	4.82498
0.08	0.02	40	0.000615329	6.72321e-05	5.13719	4.70591
0.08	0.02	41	0.000614766	6.55947e-05	5.02207	4.59253
0.08	0.02	42	0.000615067	6.40336e-05	4.912	4.48452
0.08	0.02	43	0.000619884	6.27254e-05	4.80419	4.38165
0.08	0.02	44	0.00062044	6.13023e-05	4.7042	4.28322
0.08	0.02	45	0.000622391	5.9971e-05	4.60713	4.18919
0.08	0.02	46	0.00062575	5.87613e-05	4.51333	4.09925
0.08	0.02	47	0.000625475	5.75117e-05	4.42697	4.01294
0.08	0.02	48	0.000628856	5.64129e-05	4.34059	3.93035
0.08	0.02	49	0.000626049	5.53314e-05	4.26213	3.85089
0.08	0.02	50	0.000625909	5.4225e-05	4.18605	3.77463
0.08	0.02	51	0.00062512	5.31675e-05	4.11253	3.70132
0.08	0.02	52	0.000624375	5.21502e-05	4.04202	3.63081
0.08	0.02	53	0.000624542	5.11665e-05	3.97302	3.56296
0.08	0.02	54	0.000625817	5.02349e-05	3.90639	3.49763
0.08	0.02	55	0.00062664	4.93283e-05	3.84237	3.43463
0.08	0.02	56	0.000627813	4.84613e-05	3.77994	3.37389
0.08	0.02	57	0.000629177	4.76303e-05	3.71948	3.31527
0.08	0.02	58	0.000631193	4.68518e-05	3.66055	3.25867
0.08	0.02	59	0.000632016	4.60649e-05	3.60471	3.20393
0.08	0.02	60	0.000633752	4.53298e-05	3.55034	3.15102
0.08	0.02	61	0.00063362	4.45869e-05	3.49841	3.0998
0.08	0.02	62	0.00063466	4.38799e-05	3.44775	3.05023
0.08	0.02	63	0.000634095	4.3187e-05	3.40024	3.00218
0.08	0.02	64	0.000634619	4.25154e-05	3.35332	2.95564
0.08	0.02	65	0.000636475	4.19018e-05	3.30675	2.91057
0.08	0.02	66	0.000636651	4.12673e-05	3.26257	2.86681
0.08	0.02	67	0.000637954	4.06719e-05	3.21863	2.82438
0.08	0.02	68	0.000637026	4.00844e-05	3.17754	2.78314
0.08	0.02	69	0.000620951	4.2605e-05	5.11572	3.35042
0.08	0.02	70	0.000622175	4.20139e-05	5.04744	3.30327
0.08	0.02	71	0.000622682	4.14253e-05	4.98193	3.2574
0.08	0.02	72	0.00062339	4.0856e-05	4.91814	3.2128
0.08	0.02	73	0.000623333	4.02963e-05	4.85677	3.16937
0.08	0.02	74	0.000623662	3.97531e-05	4.7967	3.12712
0.08	0.02	75	0.000625506	3.92658e-05	4.73688	3.08603
0.08	0.02	76	0.000627025	3.87785e-05	4.67843	3.046
0.08	0.02	77	0.000628332	3.8297e-05	4.62208	3.00698
0.08	0.02	78	0.000628676	3.78075e-05	4.56742	2.96893
0.08	0.02	79	0.000628041	3.73343e-05	4.51512	2.93181
0.08	0.02	80	0.000629253	3.68873e-05	4.4632	2.89564
0.08	0.02	81	0.000630404	3.64498e-05	4.41262	2.86035
0.08	0.02	82	0.000630988	3.601e-05	4.36319	2.8259
0.08	0.02	83	0.000622779	3.64999e-05	4.80476	2.82605
0.08	0.02	84	0.000623473	3.6072e-05	4.7516	2.79292
0.08	0.02	85	0.000624534	3.56632e-05	4.69971	2.76056
0.08	0.02	86	0.000625096	3.52529e-05	4.64893	2.72893
0.08	0.02	87	0.000626486	3.48751e-05	4.59912	2.69804
0.08	0.02	88	0.000626802	3.44803e-05	4.55118	2.66781
0.08	0.02	89	0.000628439	3.41317e-05	4.50345	2.63829
0.08	0.02	90	0.000629459	3.37677e-05	4.45731	2.60939
0.08	0.02	91	0.000629711	3.33975e-05	4.41262	2.5811
0.08	0.02	92	0.000631038	3.30609e-05	4.36797	2.55345
0.08	0.02	93	0.000631995	3.27192e-05	4.32479	2.52637
0.08	0.02	94	0.000632123	3.23714e-05	4.2833	2.49984
0.08	0.02	95	0.000631959	3.20311e-05	4.24237	2.47386
0.08	0.02	96	0.000633464	3.17327e-05	4.20125	2.44845
0.08	0.02	97	0.000634036	3.14107e-05	4.16154	2.42354
0.08	0.02	98	0.000633704	3.10919e-05	4.1231	2.39911
0.08	0.02	99	0.000633623	3.0778e-05	4.08551	2.37517
0.08	0.02	100	0.000633955	3.0472e-05	4.04846	2.35171
0.09	0.02	1	0.000725545	0	0.372561	0
0.09	0.02	2	0.000744693	1.35395e-05	0.341485	0.0220222
0.09	0.02	3	0.000756496	1.32046e-05	0.332384	0.0167881
0.09	0.02	4	0.000366018	0.000338309	17.0413	14.4458
0.09	0.02	5	0.000430732	0.000276768	13.7198	11.9389
0.09	0.02	6	0.000477853	0.000234617	11.5011	10.1572
0.09	0.02	7	0.000451059	0.000202624	12.7438	8.77986
0.09	0.02	8	0.000498412	0.000182746	11.1865	7.82248
0.09	0.02	9	0.000511829	0.000162932	9.99219	7.04481
0.09	0.02	10	0.000540213	0.000149091	9.02485	6.40797
0.09	0.02	11	0.000550812	0.000135913	8.2463	5.87311
0.09	0.02	12	0.000567487	0.000125606	7.5861	5.42144
0.09	0.02	13	0.000582366	0.000116822	7.0286	5.03364
0.09	0.02	14	0.000597504	0.000109454	6.54757	4.69765
0.09	0.02	15	0.000603218	0.000102306	6.13619	4.40268
0.09	0.02	16	0.00061061	9.61786e-05	5.77602	4.14249
0.09	0.02	17	0.00061183	9.05288e-05	5.46051	3.91089
0.09	0.02	18	0.000616737	8.56323e-05	5.17876	3.70391
0.09	0.02	19	0.000620867	8.12249e-05	4.9271	3.51764
0.09	0.02	20	0.00059661	8.07044e-05	5.70009	3.42498
0.09	0.02	21	0.00060013	7.6938e-05	5.44823	3.27124
0.09	0.02	22	0.000470403	0.000146484	10.3763	5.73422
0.09	0.02	23	0.000481003	0.000140498	9.94105	5.50196
0.09	0.02	24	0.000494983	0.000135338	9.53727	5.28822
0.09	0.02	25	0.000505766	0.000130353	9.16886	5.09003
0.09	0.02	26	0.000514433	0.000125628	8.82908	4.90599
0.09	0.02	27	0.000524215	0.000121355	8.51478	4.73479
0.09	0.02	28	0.000527852	0.000117075	8.22658	4.57462
0.09	0.02	29	0.000540632	0.000113734	7.95079	4.42575
0.09	0.02	30	0.000543486	0.000109978	7.69921	4.2855
0.09	0.02	31	0.000551224	0.000106703	7.46047	4.15421
0.09	0.02	32	0.000551999	0.000103371	7.44573	4.02445
0.09	0.02	33	0.000560706	0.000100605	7.22779	3.90873
0.09	0.02	34	0.000566794	9.78296e-05	7.02492	3.79925
0.09	0.02	35	0.000574636	9.53483e-05	6.83318	3.69582
0.09	0.02	36	0.000580674	9.28907e-05	6.65145	3.59784
0.09	0.02	37	0.000583334	9.04182e-05	6.48136	3.50471
0.09	0.02	38	0.000586441	8.80922e-05	6.32122	3.41624
0.09	0.02	39	0.000587198	8.58366e-05	6.17125	3.33197
0.09	0.02	40	0.000590966	8.37734e-05	6.02621	3.25194
0.09	0.02	41	0.000595608	8.18587e-05	5.88626	3.17578
0.09	0.02	42	0.00059862	7.9965e-05	5.755	3.10297
0.09	0.02	43	0.000600397	7.81251e-05	5.62991	3.03338
0.09	0.02	44	0.000604538	7.64592e-05	5.50904	2.96697
0.09	0.02	45	0.000606619	7.47884e-05	5.39542	2.90327
0.09	0.02	46	0.000611165	7.33006e-05	5.28436	2.84241
0.09	0.02	47	0.000591686	7.42841e-05	6.02939	2.87739
0.09	0.02	48	0.000594343	7.2784e-05	5.91141	2.81994
0.09	0.02	49	0.000576124	7.35436e-05	6.75457	2.88522
0.09	0.02	50	0.000581186	7.22468e-05	6.62559	2.83054
0.09	0.02	51	0.000584647	7.0913e-05	6.50164	2.77784
0.09	0.02	52	0.000577574	6.99012e-05	6.64353	2.72788
0.09	0.02	53	0.000581578	6.86969e-05	6.52362	2.67915
0.09	0.02	54	0.000584366	6.74813e-05	6.4091	2.63205
0.09	0.02	55	0.000586447	6.62864e-05	6.29984	2.58652
0.09	0.02	56	0.000589245	6.51618e-05	6.19356	2.54258
0.09	0.02	57	0.000591436	6.40554e-05	6.09122	2.50008
0.09	0.02	58	0.000595296	6.30672e-05	5.99095	2.45908
0.09	0.02	59	0.000598708	6.20905e-05	5.89468	2.41937
0.09	0.02	60	0.000602196	6.11535e-05	5.80096	2.38094
0.09	0.02	61	0.000602926	6.01554e-05	5.71232	2.34358
0.09	0.02	62	0.000607402	5.93515e-05	5.62374	2.30756
0.09	0.02	63	0.000609975	5.84651e-05	5.53983	2.27251
0.09	0.02	64	0.000610768	5.7557e-05	5.45962	2.23844
0.09	0.02	65	0.000613965	5.67602e-05	5.38015	2.20548
0.09	0.02	66	0.000615524	5.59216e-05	5.30426	2.17341
0.09	0.02	67	0.000616616	5.50976e-05	5.23077	2.14223
0.09	0.02	68	0.000617644	5.42969e-05	5.1597	2.11193
0.09	0.02	69	0.000618764	5.35216e-05	5.09049	2.08248
0.09	0.02	70	0.00061836	5.27585e-05	5.02441	2.05378
0.09	0.02	71	0.000619417	5.2026e-05	4.95891	2.02592
0.09	0.02	72	0.000622553	5.13978e-05	4.89357	1.9989
0.09	0.02	73	0.000620741	5.07257e-05	4.9237	1.97171
0.09	0.02	74	0.000622088	5.00581e-05	4.86185	1.94606
0.09	0.02	75	0.000623753	4.94183e-05	4.80186	1.92107
0.09	0.02	76	0.000627296	4.88949e-05	4.74189	1.8968
0.09	0.02	77	0.000614843	4.98204e-05	5.20484	1.92761
0.09	0.02	78	0.000617561	4.92558e-05	5.14121	1.904
0.09	0.02	79	0.000618809	4.86481e-05	5.08104	1.88087
0.09	0.02	80	0.000621583	4.8119e-05	5.02098	1.85838
0.09	0.02	81	0.000622238	4.75294e-05	4.96406	1.83632
0.09	0.02	82	0.00062401	4.69828e-05	4.90728	1.81483
0.09	0.02	83	0.00062657	4.64865e-05	4.85142	1.79387
0.09	0.02	84	0.00062631	4.59338e-05	4.79886	1.77329
0.09	0.02	85	0.000627272	4.54035e-05	4.74679	1.75321
0.09	0.02	86	0.000628655	4.48966e-05	4.69552	1.7336
0.09	0.02	87	0.000630205	4.44072e-05	4.64495	1.71443
0.09	0.02	88	0.000631937	4.39364e-05	4.59591	1.69568
0.09	0.02	89	0.000634253	4.35037e-05	4.54723	1.67737
0.09	0.02	90	0.000634748	4.30232e-05	4.50063	1.65939
0.09	0.02	91	0.000636548	4.2588e-05	4.4543	1.64183
0.09	0.02	92	0.000637849	4.2145e-05	4.40932	1.62462
0.09	0.02	93	0.000639546	4.1726e-05	4.36561	1.60776
0.09	0.02	94	0.00064029	4.12887e-05	4.32312	1.59123
0.09	0.02	95	0.000642307	4.09033e-05	4.2804	1.57509
0.09	0.02	96	0.000643567	4.04967e-05	4.23918	1.55924
0.09	0.02	97	0.000643734	4.00795e-05	4.19967	1.54367
0.09	0.02	98	0.000645059	3.96924e-05	4.1601	1.52845
0.09	0.02	99	0.00064611	3.93054e-05	4.12125	1.51352
0.09	0.02	100	0.000647918	3.89539e-05	4.08263	1.4989
0.1	0.02	1	0.000815879	0	0.270382	0
0.1	0.02	2	0.000788218	1.95593e-05	0.319532	0.0346531
0.1	0.02	3	0.000797444	1.5059e-05	0.305989	0.0256747
0.1	0.02	4	0.000806301	1.36524e-05	0.292476	0.022578
0.1	0.02	5	0.000802918	1.13332e-05	0.290858	0.0183585
0.1	0.02	6	0.000791251	1.42347e-05	0.298588	0.0172645
0.1	0.02	7	0.000792241	1.22355e-05	0.295171	0.0151807
0.1	0.02	8	0.000762324	2.99626e-05	0.746848	0.423036
0.1	0.02	9	0.000760547	2.6686e-05	0.702091	0.378492
0.1	0.02	10	0.000752423	2.52238e-05	0.671259	0.342385
0.1	0.02	11	0.000750009	2.30459e-05	0.644146	0.31242
0.1	0.02	12	0.000749164	2.11409e-05	0.618086	0.28751
0.1	0.02	13	0.000751063	1.95997e-05	0.597508	0.266144
0.1	0.02	14	0.000753103	1.83057e-05	0.575536	0.248055
0.1	0.02	15	0.000717028	3.88146e-05	1.50115	0.923639
0.1	0.02	16	0.000718163	3.64053e-05	1.42953	0.868712
0.1	0.02	17	0.000722457	3.45161e-05	1.36238	0.820265
0.1	0.02	18	0.000708745	3.5217e-05	2.10119	1.05671
0.1	0.02	19	0.000710065	3.33882e-05	2.00884	1.00515
0.1	0.02	20	0.000687517	3.85887e-05	2.81554	1.23672
0.1	0.02	21	0.00069139	3.6945e-05	2.69635	1.18361
0.1	0.02	22	0.000690211	3.52845e-05	2.59264	1.1344
0.1	0.02	23	0.00065237	5.00877e-05	4.81248	2.42712
0.1	0.02	24	0.000662644	4.90431e-05	4.61948	2.33393
0.1	0.02	25	0.000668889	4.74773e-05	4.44566	2.24716
0.1	0.02	26	0.000667233	4.56801e-05	4.29164	2.16604
0.1	0.02	27	0.0006737	4.44438e-05	4.14275	2.09107
0.1	0.02	28	0.000677475	4.30165e-05	4.00596	2.02092
0.1	0.02	29	0.000673525	4.17141e-05	4.00186	1.95122
0.1	0.02	30	0.000672801	4.03299e-05	3.99739	1.88618
0.1	0.02	31	0.000677546	3.9307e-05	3.87715	1.82924
0.1	0.02	32	0.000680028	3.8157e-05	3.76696	1.77543
0.1	0.02	33	0.000681268	3.70208e-05	3.664	1.72463
0.1	0.02	34	0.000676386	3.62524e-05	3.77425	1.67738
0.1	0.02	35	0.00067666	3.52176e-05	3.67754	1.63226
0.1	0.02	36	0.000680263	3.44232e-05	3.58311	1.5897
0.1	0.02	37	0.00068385	3.36792e-05	3.49351	1.54932
0.1	0.02	38	0.000684373	3.27969e-05	3.41271	1.51066
0.1	0.02	39	0.00068466	3.19572e-05	3.33524	1.47392
0.1	0.02	40	0.000681733	3.12921e-05	3.43398	1.44035
0.1	0.02	41	0.000683356	3.05709e-05	3.3588	1.4072
0.1	0.02	42	0.000684307	2.98578e-05	3.28945	1.37541
0.1	0.02	43	0.000685295	2.91798e-05	3.29989	1.34348
0.1	0.02	44	0.000688312	2.86722e-05	3.23133	1.31474
0.1	0.02	45	0.000688462	2.80354e-05	3.24392	1.28559
0.1	0.02	46	0.000684079	2.77666e-05	3.33452	1.26081
0.1	0.02	47	0.00068614	2.72522e-05	3.27011	1.23565
0.1	0.02	48	0.000687985	2.67468e-05	3.20849	1.21146
0.1	0.02	49	0.000688834	2.62144e-05	3.14976	1.18817
0.1	0.02	50	0.000690003	2.57162e-05	3.09424	1.16571
0.1	0.02	51	0.000689987	2.5212e-05	3.04154	1.14405
0.1	0.02	52	0.000690757	2.47389e-05	2.99008	1.12322
0.1	0.02	53	0.000692777	2.43544e-05	2.93879	1.10322
0.1	0.02	54	0.000693499	2.39141e-05	2.89127	1.08382
0.1	0.02	55	0.000694014	2.34848e-05	2.8453	1.06509
0.1	0.02	56	0.000695175	2.30941e-05	2.80058	1.04702
0.1	0.02	57	0.000697798	2.28375e-05	2.75584	1.02965
0.1	0.02	58	0.000696417	2.24854e-05	2.77372	1.01204
0.1	0.02	59	0.000697303	2.21217e-05	2.73244	0.995737
0.1	0.02	60	0.000698628	2.17927e-05	2.69243	0.979957
0.1	0.02	61	0.00069949	2.14525e-05	2.65378	0.964661
0.1	0.02	62	0.000702414	2.13048e-05	2.61469	0.949943
0.1	0.02	63	0.000702826	2.09706e-05	2.57957	0.935517
0.1	0.02	64	0.000703436	2.06518e-05	2.54507	0.921541
0.1	0.02	65	0.000687323	2.58676e-05	2.9455	0.990633
0.1	0.02	66	0.000687906	2.54822e-05	2.90649	0.976397
0.1	0.02	67	0.000688617	2.51118e-05	2.86856	0.962568
0.1	0.02	68	0.000689973	2.47791e-05	2.83094	0.949161
0.1	0.02	69	0.000690769	2.44328e-05	2.79515	0.936086
0.1	0.02	70	0.000690827	2.40838e-05	2.76093	0.923343
0.1	0.02	71	0.000692341	2.37922e-05	2.72632	0.911002
0.1	0.02	72	0.000686131	2.42586e-05	2.84143	0.905591
0.1	0.02	73	0.000686442	2.39283e-05	2.80735	0.893831
0.1	0.02	74	0.000674215	2.65458e-05	3.10817	0.930962
0.1	0.02	75	0.000676732	2.63109e-05	3.06954	0.919384
0.1	0.02	76	0.0006786	2.60309e-05	3.03306	0.908032
0.1	0.02	77	0.000680438	2.57577e-05	2.99739	0.896961
0.1	0.02	78	0.000670709	2.72028e-05	3.23415	0.91612
0.1	0.02	79	0.00067216	2.68971e-05	3.19731	0.905279
0.1	0.02	80	0.000672964	2.65729e-05	3.16147	0.89468
0.1	0.02	81	0.000673172	2.62457e-05	3.12725	0.884294
0.1	0.02	82	0.000669196	2.6225e-05	3.22192	0.878531
0.1	0.02	83	0.000664303	2.63615e-05	3.35746	0.878295
0.1	0.02	84	0.000665367	2.60692e-05	3.32155	0.868583
0.1	0.02	85	0.00066673	2.57981e-05	3.28591	0.859109
0.1	0.02	86	0.000668044	2.55316e-05	3.25155	0.849819
0.1	0.02	87	0.000668716	2.52469e-05	3.21825	0.84071
0.1	0.02	88	0.000670166	2.50016e-05	3.18502	0.831828
0.1	0.02	89	0.00067233	2.48142e-05	3.15177	0.823172
0.1	0.02	90	0.000669754	2.46717e-05	3.19953	0.815393
0.1	0.02	91	0.000671471	2.44603e-05	3.16742	0.807084
0.1	0.02	92	0.00067212	2.4203e-05	3.13671	0.798901
0.1	0.02	93	0.000668733	2.41786e-05	3.22074	0.794692
0.1	0.02	94	0.000669179	2.39255e-05	3.19032	0.786825
0.1	0.02	95	0.000669981	2.36871e-05	3.16076	0.779105
0.1	0.02	96	0.00067106	2.34649e-05	3.13096	0.771568
0.1	0.02	97	0.000670479	2.32302e-05	3.13882	0.76365
0.1	0.02	98	0.000665742	2.34713e-05	3.25435	0.764513
0.1	0.02	99	0.000667211	2.32802e-05	3.22439	0.757392
0.1	0.02	100	0.000667742	2.30535e-05	3.19604	0.750354
0.11	0.02	1	0.000529244	0	8.36615	0
0.11	0.02	2	0.000626767	6.89594e-05	4.36683	2.8292
0.11	0.02	3	0.000406713	0.000185462	10.9613	5.69707
0.11	0.02	4	0.000475453	0.0001513	8.80725	4.66586
0.11	0.02	5	0.000550612	0.000138455	7.09357	4.03883
0.11	0.02	6	0.000524985	0.000117727	7.27259	3.36882
0.11	0.02	7	0.000532374	0.000101141	6.57462	2.95949
0.11	0.02	8	0.000553712	9.07209e-05	5.80201	2.68923
0.11	0.02	9	0.000576934	8.356e-05	5.19284	2.45917
0.11	0.02	10	0.000592817	7.66986e-05	4.70835	2.26092
0.11	0.02	11	0.0006089	7.13924e-05	4.30767	2.09101
0.11	0.02	12	0.000585898	6.90492e-05	4.97908	2.02112
0.11	0.02	13	0.00060098	6.53641e-05	4.6198	1.89769
0.11	0.02	14	0.000544062	8.18053e-05	6.04273	2.23143
0.11	0.02	15	0.000552199	7.67552e-05	5.66923	2.11397
0.11	0.02	16	0.000562967	7.27095e-05	5.33824	2.00788
0.11	0.02	17	0.00057586	6.95662e-05	5.04284	1.91171
0.11	0.02	18	0.000559994	6.74864e-05	6.33026	2.19728
0.11	0.02	19	0.000571844	6.49665e-05	6.01304	2.1047
0.11	0.02	20	0.000572169	6.1719e-05	5.92452	2.00134
0.11	0.02	21	0.000555659	6.09483e-05	6.23516	1.92971
0.11	0.02	22	0.00055993	5.83273e-05	6.14206	1.84433
0.11	0.02	23	0.00055741	5.58458e-05	6.14471	1.7641
0.11	0.02	24	0.000566973	5.43315e-05	5.90245	1.70735
0.11	0.02	25	0.000574276	5.26469e-05	5.68052	1.65356
0.11	0.02	26	0.000579721	5.09027e-05	5.47731	1.6025
0.11	0.02	27	0.000590855	5.02204e-05	5.28171	1.5553
0.11	0.02	28	0.00059068	4.84271e-05	5.24334	1.50023
0.11	0.02	29	0.000593843	4.68604e-05	5.14023	1.45209
0.11	0.02	30	0.000600388	4.57532e-05	4.97856	1.41277
0.11	0.02	31	0.000602477	4.43249e-05	4.83217	1.37482
0.11	0.02	32	0.000608752	4.33816e-05	4.6898	1.33931
0.11	0.02	33	0.000608015	4.20733e-05	4.56282	1.30478
0.11	0.02	34	0.00061425	4.12952e-05	4.43621	1.27264
0.11	0.02	35	0.000617462	4.02401e-05	4.31921	1.2417
0.11	0.02	36	0.000623312	3.95452e-05	4.20642	1.21242
0.11	0.02	37	0.000626224	3.85835e-05	4.10227	1.18416
0.11	0.02	38	0.000628052	3.76114e-05	4.0052	1.157
0.11	0.02	39	0.000631674	3.6821e-05	3.91059	1.13124
0.11	0.02	40	0.000637591	3.63727e-05	3.81873	1.10679
0.11	0.02	41	0.000641095	3.56541e-05	3.73381	1.0831
0.11	0.02	42	0.000645747	3.51073e-05	3.65101	1.06054
0.11	0.02	43	0.000646639	3.43021e-05	3.57637	1.03852
0.11	0.02	44	0.000641597	3.3891e-05	3.6375	1.01668
0.11	0.02	45	0.000645102	3.33187e-05	3.56342	0.996835
0.11	0.02	46	0.00064789	3.27108e-05	3.49234	0.977729
0.11	0.02	47	0.000649304	3.20454e-05	3.42631	0.959173
0.11	0.02	48	0.000653567	3.166e-05	3.36014	0.941536
0.11	0.02	49	0.000654888	3.10414e-05	3.29918	0.92431
0.11	0.02	50	0.000609504	5.42586e-05	4.39036	1.40919
0.11	0.02	51	0.000612833	5.32968e-05	4.31015	1.38391
0.11	0.02	52	0.0006155	5.23386e-05	4.23446	1.35942
0.11	0.02	53	0.000619689	5.15184e-05	4.15893	1.33595
0.11	0.02	54	0.000622062	5.0619e-05	4.08849	1.31311
0.11	0.02	55	0.000618865	4.97995e-05	4.09412	1.28921
0.11	0.02	56	0.000622138	4.90177e-05	4.02642	1.26802
0.11	0.02	57	0.000623716	4.81831e-05	3.96233	1.24743
0.11	0.02	58	0.000621355	4.74102e-05	4.04017	1.2283
0.11	0.02	59	0.00062345	4.66529e-05	3.97785	1.2091
0.11	0.02	60	0.000625636	4.59265e-05	3.91739	1.1905
0.11	0.02	61	0.000628097	4.52395e-05	3.8588	1.17246
0.11	0.02	62	0.000631353	4.46268e-05	3.80153	1.15501
0.11	0.02	63	0.00063451	4.403e-05	3.7455	1.13809
0.11	0.02	64	0.000635983	4.33667e-05	3.72238	1.12056
0.11	0.02	65	0.00063882	4.27922e-05	3.66938	1.10462
0.11	0.02	66	0.000641677	4.22391e-05	3.61749	1.08915
0.11	0.02	67	0.0006426	4.16187e-05	3.56958	1.07397
0.11	0.02	68	0.000632146	4.22993e-05	3.96014	1.12685
0.11	0.02	69	0.000635072	4.17874e-05	3.90655	1.11184
0.11	0.02	70	0.000636969	4.12335e-05	3.85523	1.09717
0.11	0.02	71	0.000637855	4.06622e-05	3.80598	1.08284
0.11	0.02	72	0.000639413	4.01273e-05	3.75763	1.0689
0.11	0.02	73	0.000641399	3.96268e-05	3.71086	1.05531
0.11	0.02	74	0.00063157	4.02918e-05	3.93362	1.06416
0.11	0.02	75	0.000632726	3.97712e-05	3.88615	1.05105
0.11	0.02	76	0.00061572	4.27294e-05	4.25553	1.09998
0.11	0.02	77	0.000617617	4.22166e-05	4.20439	1.08691
0.11	0.02	78	0.000619605	4.17222e-05	4.15461	1.07415
0.11	0.02	79	0.000621176	4.12236e-05	4.10615	1.06167
0.11	0.02	80	0.000622332	4.07245e-05	4.05907	1.04946
0.11	0.02	81	0.000624464	4.02775e-05	4.01267	1.03756
0.11	0.02	82	0.000625595	3.98022e-05	3.9685	1.02586
0.11	0.02	83	0.000621866	3.9497e-05	4.02081	1.01479
0.11	0.02	84	0.000623562	3.90632e-05	3.97677	1.00369
0.11	0.02	85	0.000626508	3.87146e-05	3.93236	0.99291
0.11	0.02	86	0.000629063	3.83486e-05	3.88953	0.982327
0.11	0.02	87	0.000631193	3.79669e-05	3.84797	0.971946
0.11	0.02	88	0.00062963	3.75676e-05	3.87503	0.961257
0.11	0.02	89	0.000631716	3.72034e-05	3.83477	0.951328
0.11	0.02	90	0.000630154	3.68228e-05	3.84024	0.940758
0.11	0.02	91	0.00063249	3.64921e-05	3.80038	0.931298
0.11	0.02	92	0.000633898	3.61226e-05	3.76267	0.921957
0.11	0.02	93	0.000630437	3.58997e-05	3.81128	0.913286
0.11	0.02	94	0.000632082	3.55555e-05	3.77377	0.904362
0.11	0.02	95	0.000633538	3.5211e-05	3.73735	0.895595
0.11	0.02	96	0.000635233	3.4885e-05	3.70189	0.88699
0.11	0.02	97	0.000636628	3.45532e-05	3.66709	0.878546
0.11	0.02	98	0.000637362	3.42085e-05	3.63348	0.870234
0.11	0.02	99	0.000638978	3.3901e-05	3.59974	0.862119
0.11	0.02	100	0.000640187	3.35836e-05	3.5669	0.854138
0.12	0.02	1	0.000721466	0	0.336525	0
0.12	0.02	2	0.000729823	5.90943e-06	0.334531	0.00180038
0.12	0.02	3	0.000717239	1.10045e-05	0.722926	0.317294
0.12	0.02	4	0.000739578	2.10335e-05	0.606041	0.260351
0.12	0.02	5	0.000673347	6.15827e-05	1.70558	1.0045
0.12	0.02	6	0.000650093	5.55361e-05	2.05478	0.895285
0.12	0.02	7	0.000445457	0.000195345	6.15393	3.86411
0.12	0.02	8	0.000358257	0.000189392	7.60512	3.63782
0.12	0.02	9	0.000298355	0.000177569	8.86041	3.43965
0.12	0.02	10	0.000355227	0.000168674	7.99761	3.20554
0.12	0.02	11	0.000375026	0.000154497	7.61455	2.93806
0.12	0.02	12	0.000406676	0.000144828	7.0084	2.75671
0.12	0.02	13	0.000434273	0.000136292	6.49404	2.59358
0.12	0.02	14	0.000423926	0.000126949	6.88936	2.43784
0.12	0.02	15	0.000446672	0.000120506	6.45249	2.31514
0.12	0.02	16	0.000466303	0.000114562	6.06915	2.20278
0.12	0.02	17	0.000484188	0.00010921	5.72999	2.09987
0.12	0.02	18	0.000504842	0.000105078	5.42423	2.00616
0.12	0.02	19	0.00051698	0.000100246	5.15733	1.9187
0.12	0.02	20	0.000515808	9.52407e-05	5.14662	1.82276
0.12	0.02	21	0.000528792	9.15862e-05	4.91537	1.75101
0.12	0.02	22	0.000534273	8.75871e-05	4.71122	1.68348
0.12	0.02	23	0.00054705	8.47058e-05	4.51797	1.62175
0.12	0.02	24	0.000554565	8.1509e-05	4.3456	1.56354
0.12	0.02	25	0.000559591	7.84034e-05	4.18865	1.50902
0.12	0.02	26	0.000556857	7.54355e-05	4.45137	1.47375
0.12	0.02	27	0.000566944	7.33128e-05	4.2954	1.42768
0.12	0.02	28	0.000562849	7.08088e-05	4.40391	1.3807
0.12	0.02	29	0.000568048	6.85577e-05	4.26528	1.34017
0.12	0.02	30	0.000573697	6.65048e-05	4.13328	1.30212
0.12	0.02	31	0.000562597	6.52793e-05	4.34756	1.27736
0.12	0.02	32	0.000571333	6.38213e-05	4.21809	1.2442
0.12	0.02	33	0.000578296	6.2266e-05	4.09825	1.21242
0.12	0.02	34	0.000583467	6.0649e-05	3.98692	1.18198
0.12	0.02	35	0.000587796	5.90704e-05	3.88321	1.15284
0.12	0.02	36	0.000594045	5.77592e-05	3.78224	1.12537
0.12	0.02	37	0.000597632	5.63094e-05	3.68984	1.09882
0.12	0.02	38	0.000597245	5.48289e-05	3.6635	1.07022
0.12	0.02	39	0.000601636	5.35986e-05	3.60425	1.04451
0.12	0.02	40	0.000596654	5.24896e-05	3.72622	1.0254
0.12	0.02	41	0.000601426	5.14258e-05	3.64209	1.00392
0.12	0.02	42	0.000597982	5.03166e-05	3.67338	0.980452
0.12	0.02	43	0.00059856	4.91497e-05	3.64933	0.957957
0.12	0.02	44	0.000588786	4.89948e-05	3.76047	0.942471
0.12	0.02	45	0.000574622	4.99116e-05	3.96835	0.943942
0.12	0.02	46	0.000579445	4.9059e-05	3.88791	0.926931
0.12	0.02	47	0.000581563	4.80609e-05	3.83701	0.908645
0.12	0.02	48	0.000576941	4.72814e-05	3.90769	0.89238
0.12	0.02	49	0.000571809	4.65942e-05	3.97534	0.876646
0.12	0.02	50	0.000576733	4.59217e-05	3.90076	0.862365
0.12	0.02	51	0.000580934	4.52131e-05	3.82912	0.848498
0.12	0.02	52	0.000581082	4.43438e-05	3.80667	0.832483
0.12	0.02	53	0.000578476	4.35837e-05	3.9138	0.823621
0.12	0.02	54	0.000573582	4.30504e-05	3.97642	0.810673
0.12	0.02	55	0.000574899	4.22878e-05	3.93154	0.797199
0.12	0.02	56	0.000579137	4.17444e-05	3.86544	0.785765
0.12	0.02	57	0.00058271	4.11647e-05	3.80325	0.774492
0.12	0.02	58	0.000585314	4.05373e-05	3.74331	0.763495
0.12	0.02	59	0.000584948	3.98518e-05	3.72544	0.750763
0.12	0.02	60	0.000587098	3.92456e-05	3.66955	0.740361
0.12	0.02	61	0.000590697	3.87669e-05	3.61388	0.730367
0.12	0.02	62	0.000593954	3.82782e-05	3.55965	0.720644
0.12	0.02	63	0.000596545	3.77581e-05	3.50896	0.711022
0.12	0.02	64	0.000586384	3.8511e-05	3.75702	0.741804
0.12	0.02	65	0.000588659	3.79856e-05	3.70421	0.732302
0.12	0.02	66	0.000587018	3.74455e-05	3.72283	0.721421
0.12	0.02	67	0.000589926	3.69994e-05	3.67158	0.712512
0.12	0.02	68	0.000584433	3.68607e-05	3.76135	0.707593
0.12	0.02	69	0.00058351	3.63381e-05	3.74668	0.697487
0.12	0.02	70	0.000584226	3.5826e-05	3.71493	0.688257
0.12	0.02	71	0.000587617	3.54815e-05	3.66622	0.680332
0.12	0.02	72	0.000589868	3.506e-05	3.61957	0.672509
0.12	0.02	73	0.000591525	3.46189e-05	3.5759	0.664737
0.12	0.02	74	0.00059343	3.42035e-05	3.53237	0.657202
0.12	0.02	75	0.000592379	3.37636e-05	3.53611	0.648439
0.12	0.02	76	0.000594746	3.34022e-05	3.49334	0.641345
0.12	0.02	77	0.000596791	3.30309e-05	3.45219	0.63436
0.12	0.02	78	0.000598675	3.26612e-05	3.41222	0.627508
0.12	0.02	79	0.000597408	3.22723e-05	3.43118	0.619836
0.12	0.02	80	0.000595572	3.19211e-05	3.48017	0.614001
0.12	0.02	81	0.000596502	3.15406e-05	3.44267	0.607579
0.12	0.02	82	0.000597795	3.11824e-05	3.40526	0.601337
0.12	0.02	83	0.000600132	3.08942e-05	3.3679	0.595279
0.12	0.02	84	0.000594715	3.09975e-05	3.45691	0.59475
0.12	0.02	85	0.000597155	3.07287e-05	3.41948	0.588958
0.12	0.02	86	0.000599225	3.04411e-05	3.38364	0.583223
0.12	0.02	87	0.000601848	3.02039e-05	3.34746	0.577672
0.12	0.02	88	0.000602535	2.98685e-05	3.31382	0.572098
0.12	0.02	89	0.000603562	2.95505e-05	3.28067	0.566642
0.12	0.02	90	0.00060331	2.92233e-05	3.2739	0.560386
0.12	0.02	91	0.000604887	2.89446e-05	3.24149	0.555181
0.12	0.02	92	0.000597091	2.96614e-05	3.49038	0.602361
0.12	0.02	93	0.000599221	2.94188e-05	3.4558	0.596899
0.12	0.02	94	0.000594988	2.94089e-05	3.49735	0.591965
0.12	0.02	95	0.00059625	2.91263e-05	3.46423	0.586674
0.12	0.02	96	0.00059576	2.88271e-05	3.45638	0.580613
0.12	0.02	97	0.000598528	2.86624e-05	3.42295	0.575624
0.12	0.02	98	0.000600063	2.84111e-05	3.39134	0.570634
0.12	0.02	99	0.000597566	2.82337e-05	3.41908	0.565522
0.12	0.02	100	0.000600108	2.80655e-05	3.38687	0.560813
0.13	0.02	1	0.000541525	0	1.80519	0
0.13	0.02	2	0.000397427	0.000101893	5.0377	2.28299
0.13	0.02	3	0.000478305	9.47374e-05	3.73073	1.86129
0.13	0.02	4	0.000500984	7.37175e-05	3.41913	1.42246
0.13	0.02	5	0.000524309	6.25555e-05	2.94852	1.21384
0.13	0.02	6	0.000386999	0.000135754	4.9118	2.05401
0.13	0.02	7	0.000371714	0.000117218	4.96655	1.76071
0.13	0.02	8	0.000371457	0.000102566	4.84467	1.54487
0.13	0.02	9	0.000372513	9.11755e-05	4.90223	1.37434
0.13	0.02	10	0.000414886	9.13752e-05	4.43772	1.31448
0.13	0.02	11	0.000428519	8.40792e-05	4.25432	1.20813
0.13	0.02	12	0.000434372	7.72761e-05	4.21842	1.10817
0.13	0.02	13	0.000454546	7.39184e-05	3.92245	1.06225
0.13	0.02	14	0.000471482	7.0552e-05	3.66856	1.0167
0.13	0.02	15	0.000491496	6.86285e-05	3.44463	0.973787
0.13	0.02	16	0.000467995	6.82445e-05	3.69704	0.944537
0.13	0.02	17	0.000485061	6.63297e-05	3.49609	0.91052
0.13	0.02	18	0.000473857	6.35841e-05	3.68072	0.878201
0.13	0.02	19	0.000487735	6.17336e-05	3.50318	0.850052
0.13	0.02	20	0.000501145	6.00858e-05	3.34309	0.822785
0.13	0.02	21	0.000515164	5.88373e-05	3.19567	0.797018
0.13	0.02	22	0.000525239	5.7019e-05	3.06411	0.771783
0.13	0.02	23	0.000534697	5.53187e-05	2.94416	0.747685
0.13	0.02	24	0.000538727	5.31603e-05	2.84121	0.723686
0.13	0.02	25	0.000535053	5.11607e-05	2.90694	0.69765
0.13	0.02	26	0.000533417	4.92191e-05	3.02988	0.681639
0.13	0.02	27	0.000534887	4.74181e-05	2.9834	0.65801
0.13	0.02	28	0.000512073	5.09177e-05	3.31778	0.71405
0.13	0.02	29	0.000518317	4.95432e-05	3.23881	0.693896
0.13	0.02	30	0.000509325	4.8701e-05	3.3518	0.679745
0.13	0.02	31	0.000504826	4.73373e-05	3.4122	0.660416
0.13	0.02	32	0.000499387	4.61695e-05	3.43152	0.64
0.13	0.02	33	0.00050631	4.52864e-05	3.33809	0.627506
0.13	0.02	34	0.000514478	4.4685e-05	3.24741	0.615706
0.13	0.02	35	0.000521181	4.39082e-05	3.18091	0.601812
0.13	0.02	36	0.000526747	4.30398e-05	3.10119	0.59044
0.13	0.02	37	0.000528637	4.19181e-05	3.1044	0.57453
0.13	0.02	38	0.000531407	4.09064e-05	3.05136	0.561899
0.13	0.02	39	0.000522943	4.07237e-05	3.19929	0.566516
0.13	0.02	40	0.000528265	4.00518e-05	3.127	0.557026
0.13	0.02	41	0.000533102	3.9366e-05	3.05869	0.547683
0.13	0.02	42	0.000538626	3.88142e-05	2.99248	0.53871
0.13	0.02	43	0.000531704	3.85237e-05	3.07753	0.532757
0.13	0.02	44	0.000524608	3.82962e-05	3.15868	0.526696
0.13	0.02	45	0.000524285	3.74465e-05	3.14438	0.515187
0.13	0.02	46	0.000522125	3.66947e-05	3.22482	0.510234
0.13	0.02	47	0.000526128	3.61316e-05	3.16401	0.503042
0.13	0.02	48	0.000530755	3.56738e-05	3.10418	0.496169
0.13	0.02	49	0.000534033	3.50961e-05	3.06188	0.487886
0.13	0.02	50	0.000539699	3.48486e-05	3.00527	0.481482
0.13	0.02	51	0.000539592	3.41655e-05	3.00735	0.472044
0.13	0.02	52	0.000542314	3.36167e-05	2.98105	0.463735
0.13	0.02	53	0.000544424	3.30486e-05	2.9334	0.457457
0.13	0.02	54	0.000548961	3.27465e-05	2.88369	0.451737
0.13	0.02	55	0.000552356	3.23266e-05	2.8371	0.445961
0.13	0.02	56	0.000549983	3.18363e-05	2.85958	0.438537
0.13	0.02	57	0.000552386	3.13683e-05	2.82747	0.432045
0.13	0.02	58	0.000552244	3.08278e-05	2.80999	0.424954
0.13	0.02	59	0.000555011	3.04293e-05	2.76798	0.419855
0.13	0.02	60	0.000552158	3.00556e-05	2.82354	0.416489
0.13	0.02	61	0.000549666	2.9666e-05	2.855	0.41082
0.13	0.02	62	0.000550954	2.92155e-05	2.8368	0.404611
0.13	0.02	63	0.000549103	2.88103e-05	2.88979	0.401637
0.13	0.02	64	0.000552612	2.8573e-05	2.84911	0.397454
0.13	0.02	65	0.000555603	2.82895e-05	2.80988	0.393302
0.13	0.02	66	0.000557998	2.79621e-05	2.77283	0.38911
0.13	0.02	67	0.000560027	2.76183e-05	2.74625	0.384229
0.13	0.02	68	0.000564459	2.75654e-05	2.70822	0.380513
0.13	0.02	69	0.000558729	2.77551e-05	2.80919	0.388115
0.13	0.02	70	0.000560502	2.74152e-05	2.77452	0.384136
0.13	0.02	71	0.000547863	2.98003e-05	2.96179	0.421786
0.13	0.02	72	0.000549756	2.94464e-05	2.94329	0.416355
0.13	0.02	73	0.000552399	2.91614e-05	2.90759	0.412208
0.13	0.02	74	0.000552484	2.87675e-05	2.91828	0.406779
0.13	0.02	75	0.000554266	2.84391e-05	2.90121	0.401734
0.13	0.02	76	0.000549858	2.84045e-05	2.99012	0.406135
0.13	0.02	77	0.000547827	2.81081e-05	3.01297	0.401482
0.13	0.02	78	0.000546816	2.77659e-05	3.05308	0.398335
0.13	0.02	79	0.00054567	2.74381e-05	3.06289	0.393403
0.13	0.02	80	0.000541583	2.73978e-05	3.11617	0.392035
0.13	0.02	81	0.000543783	2.71478e-05	3.08214	0.388691
0.13	0.02	82	0.000545064	2.68469e-05	3.05758	0.38474
0.13	0.02	83	0.00054662	2.65685e-05	3.02599	0.381417
0.13	0.02	84	0.000543266	2.64632e-05	3.08675	0.381655
0.13	0.02	85	0.000545245	2.62257e-05	3.06194	0.377991
0.13	0.02	86	0.000544748	2.59255e-05	3.12157	0.378316
0.13	0.02	87	0.000542672	2.57105e-05	3.14847	0.374903
0.13	0.02	88	0.000545226	2.55449e-05	3.11565	0.372102
0.13	0.02	89	0.000543465	2.53185e-05	3.14902	0.369399
0.13	0.02	90	0.000544571	2.50614e-05	3.12625	0.366006
0.13	0.02	91	0.000547247	2.49284e-05	3.09453	0.363382
0.13	0.02	92	0.000545279	2.4735e-05	3.13358	0.361508
0.13	0.02	93	0.000547829	2.46001e-05	3.10246	0.358982
0.13	0.02	94	0.000549708	2.44101e-05	3.073	0.356387
0.13	0.02	95	0.000551073	2.41913e-05	3.05134	0.353305
0.13	0.02	96	0.000544963	2.46987e-05	3.17559	0.370797
0.13	0.02	97	0.00054619	2.44745e-05	3.14708	0.368082
0.13	0.02	98	0.00054777	2.42757e-05	3.11856	0.365444
0.13	0.02	99	0.000548513	2.40419e-05	3.09139	0.362773
0.13	0.02	100	0.000550816	2.39115e-05	3.06334	0.360249
0.14	0.02	1	0.000234281	0	4.0106	0
0.14	0.02	2	0.000254164	1.40594e-05	4.8332	0.584282
0.14	0.02	3	0.000425667	0.000140345	3.30018	1.31599
0.14	0.02	4	0.00050605	0.000126196	2.63163	1.14757
0.14	0.02	5	0.000555002	0.000110042	2.15598	1.01369
0.14	0.02	6	0.000575496	9.35909e-05	1.85539	0.889011
0.14	0.02	7	0.000575347	8.02209e-05	1.77234	0.765966
0.14	0.02	8	0.000547569	7.48483e-05	2.25008	0.805285
0.14	0.02	9	0.000502507	7.89395e-05	2.69261	0.827395
0.14	0.02	10	0.000521214	7.32286e-05	2.45697	0.777997
0.14	0.02	11	0.000492436	7.20043e-05	2.72392	0.750965
0.14	0.02	12	0.000481913	6.67685e-05	2.86466	0.701203
0.14	0.02	13	0.000490084	6.21304e-05	2.84435	0.6478
0.14	0.02	14	0.000474476	5.96207e-05	3.02183	0.625037
0.14	0.02	15	0.000466135	5.62265e-05	3.05334	0.584029
0.14	0.02	16	0.000466361	5.27128e-05	2.97289	0.553132
0.14	0.02	17	0.000478033	5.08878e-05	2.84169	0.536146
0.14	0.02	18	0.000488573	4.91401e-05	2.7031	0.524166
0.14	0.02	19	0.000497538	4.73645e-05	2.668	0.497969
0.14	0.02	20	0.000507045	4.59405e-05	2.57054	0.482672
0.14	0.02	21	0.00048932	4.70483e-05	2.73783	0.48753
0.14	0.02	22	0.000486877	4.49731e-05	2.74858	0.465451
0.14	0.02	23	0.000498346	4.44562e-05	2.63924	0.458062
0.14	0.02	24	0.000509309	4.39348e-05	2.53875	0.450043
0.14	0.02	25	0.000506889	4.2244e-05	2.55473	0.432288
0.14	0.02	26	0.000508154	4.06381e-05	2.57214	0.416052
0.14	0.02	27	0.00050718	3.91447e-05	2.58466	0.400816
0.14	0.02	28	0.000501209	3.81994e-05	2.69775	0.402116
0.14	0.02	29	0.000506823	3.72924e-05	2.63121	0.393794
0.14	0.02	30	0.00049377	3.82657e-05	2.82867	0.427202
0.14	0.02	31	0.000494284	3.70348e-05	2.79303	0.41493
0.14	0.02	32	0.000503432	3.69902e-05	2.71154	0.410018
0.14	0.02	33	0.000504497	3.58846e-05	2.69219	0.398065
0.14	0.02	34	0.000504842	3.48308e-05	2.65137	0.388478
0.14	0.02	35	0.000502543	3.39114e-05	2.6607	0.377468
0.14	0.02	36	0.000483197	3.80899e-05	2.93992	0.458591
0.14	0.02	37	0.000485345	3.7121e-05	2.94153	0.446242
0.14	0.02	38	0.000483996	3.61686e-05	2.92164	0.434946
0.14	0.02	39	0.000447156	5.06388e-05	3.32291	0.579564
0.14	0.02	40	0.000438032	5.01881e-05	3.45413	0.57958
0.14	0.02	41	0.000442851	4.91947e-05	3.38937	0.569139
0.14	0.02	42	0.000447673	4.82592e-05	3.32729	0.55905
0.14	0.02	43	0.00042952	5.04354e-05	3.52225	0.578726
0.14	0.02	44	0.000423424	4.96561e-05	3.56208	0.566841
0.14	0.02	45	0.000424297	4.85603e-05	3.53174	0.555077
0.14	0.02	46	0.000412269	4.89717e-05	3.63192	0.551777
0.14	0.02	47	0.000406361	4.82849e-05	3.71524	0.546191
0.14	0.02	48	0.000414116	4.78976e-05	3.64235	0.539793
0.14	0.02	49	0.000416875	4.69995e-05	3.60955	0.529821
0.14	0.02	50	0.0004042	4.77379e-05	3.74394	0.535781
0.14	0.02	51	0.000397405	4.72831e-05	3.84459	0.534535
0.14	0.02	52	0.000400577	4.64801e-05	3.81029	0.52541
0.14	0.02	53	0.000403132	4.56733e-05	3.77036	0.517056
0.14	0.02	54	0.000407742	4.50595e-05	3.70808	0.511298
0.14	0.02	55	0.000411235	4.43755e-05	3.65566	0.50474
0.14	0.02	56	0.000415282	4.37672e-05	3.60451	0.498379
0.14	0.02	57	0.00040876	4.34825e-05	3.68984	0.496784
0.14	0.02	58	0.000409825	4.27458e-05	3.66472	0.488873
0.14	0.02	59	0.000413085	4.21454e-05	3.61705	0.482958
0.14	0.02	60	0.000411617	4.14686e-05	3.62483	0.474949
0.14	0.02	61	0.000417206	4.11637e-05	3.57026	0.470374
0.14	0.02	62	0.00042113	4.06864e-05	3.51881	0.465652
0.14	0.02	63	0.000422814	4.00754e-05	3.53267	0.458508
0.14	0.02	64	0.000413263	4.05714e-05	3.6298	0.46138
0.14	0.02	65	0.000413299	3.99472e-05	3.64866	0.454673
0.14	0.02	66	0.000414612	3.93635e-05	3.63174	0.448119
0.14	0.02	67	0.000418723	3.899e-05	3.58228	0.444211
0.14	0.02	68	0.000422541	3.86032e-05	3.53435	0.440311
0.14	0.02	69	0.000427967	3.84231e-05	3.48577	0.436681
0.14	0.02	70	0.000429437	3.79023e-05	3.46071	0.431184
0.14	0.02	71	0.000434348	3.76853e-05	3.41473	0.427625
0.14	0.02	72	0.000436221	3.72084e-05	3.37383	0.423669
0.14	0.02	73	0.000435994	3.66994e-05	3.36324	0.417998
0.14	0.02	74	0.000439496	3.63702e-05	3.32178	0.414447
0.14	0.02	75	0.000440874	3.59113e-05	3.31747	0.408964
0.14	0.02	76	0.000443062	3.55054e-05	3.28435	0.404952
0.14	0.02	77	0.000443818	3.50523e-05	3.26455	0.400189
0.14	0.02	78	0.000444594	3.46115e-05	3.26218	0.395076
0.14	0.02	79	0.000446496	3.42256e-05	3.25321	0.390204
0.14	0.02	80	0.000440153	3.43805e-05	3.32667	0.3921
0.14	0.02	81	0.000442908	3.40663e-05	3.29486	0.388582
0.14	0.02	82	0.000443542	3.36567e-05	3.28072	0.38411
0.14	0.02	83	0.000430161	3.58126e-05	3.45775	0.418137
0.14	0.02	84	0.000434245	3.56185e-05	3.41926	0.414983
0.14	0.02	85	0.000434967	3.52067e-05	3.39491	0.410828
0.14	0.02	86	0.000434693	3.47984e-05	3.39033	0.406074
0.14	0.02	87	0.000438476	3.46035e-05	3.35406	0.403073
0.14	0.02	88	0.000434848	3.43999e-05	3.41482	0.403006
0.14	0.02	89	0.000436559	3.40559e-05	3.40529	0.398614
0.14	0.02	90	0.000433917	3.37799e-05	3.4481	0.396447
0.14	0.02	91	0.000432764	3.34283e-05	3.46335	0.392369
0.14	0.02	92	0.00042662	3.36248e-05	3.53734	0.394942
0.14	0.02	93	0.000429337	3.33728e-05	3.50296	0.392222
0.14	0.02	94	0.000432259	3.31454e-05	3.46904	0.38955
0.14	0.02	95	0.000428765	3.29801e-05	3.51697	0.388345
0.14	0.02	96	0.00042715	3.26761e-05	3.57889	0.389216
0.14	0.02	97	0.000429792	3.24459e-05	3.54518	0.386692
0.14	0.02	98	0.000431934	3.21855e-05	3.51706	0.383794
0.14	0.02	99	0.000431254	3.18675e-05	3.51405	0.379923
0.14	0.02	100	0.000426373	3.19204e-05	3.57422	0.380802
