density	 t_tilde	 bins	 Energy	 EnVariance	 VarianceofTotE	 VarianceOfV 
1	0.012	1	-0.000819545	0	0.0589947	0
1	0.012	2	-0.000789945	2.09298e-05	0.0656682	0.00362519
1	0.012	3	-0.000788835	1.39826e-05	0.0629142	0.00322741
1	0.012	4	-0.000801493	1.51709e-05	0.0595305	0.00337504
1	0.012	5	-0.000806651	1.29839e-05	0.0614446	0.0031888
1	0.012	6	-0.000813931	1.2698e-05	0.0613832	0.00260712
1	0.012	7	-0.000812397	1.09763e-05	0.0617156	0.00224715
1	0.012	8	-0.000816039	1.01905e-05	0.0612449	0.00197674
1	0.012	9	-0.000813668	9.32989e-06	0.0599321	0.00213462
1	0.012	10	-0.000813201	8.40858e-06	0.0601764	0.00193222
1	0.012	11	-0.000813259	7.64436e-06	0.0602063	0.00175678
1	0.012	12	-0.000813035	7.01063e-06	0.0600662	0.00161578
1	0.012	13	-0.000812406	6.49942e-06	0.0604375	0.0015254
1	0.012	14	-0.000810758	6.24076e-06	0.0597374	0.00156659
1	0.012	15	-0.000809572	5.93634e-06	0.0595411	0.00147432
1	0.012	16	-0.000809744	5.5678e-06	0.0588886	0.00150575
1	0.012	17	-0.000806658	6.03523e-06	0.0584011	0.00149177
1	0.012	18	-0.0008062	5.71722e-06	0.0589594	0.0014964
1	0.012	19	-0.000805991	5.42015e-06	0.058897	0.00141898
1	0.012	20	-0.000805801	5.15246e-06	0.0586388	0.00136999
1	0.012	21	-0.00080708	5.06331e-06	0.0589241	0.00133384
1	0.012	22	-0.00080812	4.93872e-06	0.059431	0.00136438
1	0.012	23	-0.000808215	4.72492e-06	0.0592117	0.00132065
1	0.012	24	-0.000808167	4.52829e-06	0.0587587	0.00133525
1	0.012	25	-0.000809931	4.67817e-06	0.0592619	0.00137314
1	0.012	26	-0.00081074	4.56761e-06	0.0594506	0.00133304
1	0.012	27	-0.000811782	4.51574e-06	0.0596289	0.00129491
1	0.012	28	-0.000810905	4.43873e-06	0.059771	0.00125153
1	0.012	29	-0.000809968	4.38358e-06	0.0593852	0.00126613
1	0.012	30	-0.00080993	4.23762e-06	0.0597152	0.00126252
1	0.012	31	-0.00080924	4.15684e-06	0.0596981	0.00122086
1	0.012	32	-0.000809187	4.02727e-06	0.0600082	0.00121802
1	0.012	33	-0.000808912	3.91461e-06	0.0599624	0.00118196
1	0.012	34	-0.000807666	3.99282e-06	0.0599094	0.00114511
1	0.012	35	-0.000805646	4.35984e-06	0.0595055	0.00118085
1	0.012	36	-0.000805707	4.23916e-06	0.0601382	0.00129469
1	0.012	37	-0.000805827	4.1263e-06	0.060107	0.00125992
1	0.012	38	-0.000806172	4.03212e-06	0.0602974	0.00124079
1	0.012	39	-0.000807241	4.06788e-06	0.0603098	0.00120577
1	0.012	40	-0.000806922	3.97871e-06	0.0602559	0.00117682
1	0.012	41	-0.000808267	4.10287e-06	0.0604291	0.00115897
1	0.012	42	-0.000808095	4.00879e-06	0.0605085	0.00113351
1	0.012	43	-0.000806804	4.11819e-06	0.0602444	0.00113735
1	0.012	44	-0.000807571	4.09545e-06	0.0602321	0.00110955
1	0.012	45	-0.000806658	4.10489e-06	0.0601607	0.00108609
1	0.012	46	-0.000807392	4.08068e-06	0.0604492	0.00109969
1	0.012	47	-0.000807858	4.02042e-06	0.0603167	0.00108148
1	0.012	48	-0.000807332	3.97096e-06	0.060003	0.00110245
1	0.012	49	-0.000807667	3.90405e-06	0.0601702	0.00109231
1	0.012	50	-0.000808162	3.85724e-06	0.0602344	0.00107207
1	0.012	51	-0.000808992	3.86988e-06	0.0603606	0.00105791
1	0.012	52	-0.0008098	3.87882e-06	0.0604819	0.001044
1	0.012	53	-0.000809691	3.80716e-06	0.0603098	0.00103754
1	0.012	54	-0.000810477	3.81677e-06	0.0605326	0.00104188
1	0.012	55	-0.000810611	3.74974e-06	0.0604038	0.00102969
1	0.012	56	-0.000810027	3.72805e-06	0.0603401	0.00101294
1	0.012	57	-0.000809527	3.69596e-06	0.0602237	0.00100188
1	0.012	58	-0.00080984	3.64542e-06	0.0602428	0.000984565
1	0.012	59	-0.000810908	3.7369e-06	0.0603119	0.000968058
1	0.012	60	-0.000810611	3.68637e-06	0.0603751	0.000953079
1	0.012	61	-0.000810531	3.62681e-06	0.0601999	0.000952292
1	0.012	62	-0.000811784	3.77861e-06	0.060317	0.000941921
1	0.012	63	-0.00081141	3.73714e-06	0.0604167	0.000930378
1	0.012	64	-0.000811193	3.68506e-06	0.0605359	0.000921931
1	0.012	65	-0.000811178	3.62839e-06	0.0603252	0.000929356
1	0.012	66	-0.000810819	3.5911e-06	0.0601502	0.000931305
1	0.012	67	-0.000810258	3.58111e-06	0.0602824	0.000922979
1	0.012	68	-0.000809256	3.66593e-06	0.0601532	0.000917721
1	0.012	69	-0.000810855	3.94608e-06	0.0603521	0.000923684
1	0.012	70	-0.000811037	3.8939e-06	0.0602603	0.000914027
1	0.012	71	-0.000810898	3.84153e-06	0.0601141	0.000912092
1	0.012	72	-0.000810744	3.79127e-06	0.0600944	0.00089964
1	0.012	73	-0.000811324	3.78348e-06	0.0603335	0.000917959
1	0.012	74	-0.000810712	3.78153e-06	0.0601244	0.000928961
1	0.012	75	-0.000811357	3.78569e-06	0.0600582	0.000916213
1	0.012	76	-0.000812141	3.8163e-06	0.0601513	0.000908281
1	0.012	77	-0.000811632	3.80049e-06	0.0601728	0.000895682
1	0.012	78	-0.000812514	3.85272e-06	0.0602204	0.000883931
1	0.012	79	-0.000812305	3.80964e-06	0.0604352	0.000894556
1	0.012	80	-0.000812533	3.76884e-06	0.0605547	0.000891053
1	0.012	81	-0.000812907	3.74082e-06	0.0604156	0.000887887
1	0.012	82	-0.000813506	3.7429e-06	0.0605449	0.000886341
1	0.012	83	-0.000812883	3.74928e-06	0.0605072	0.00087586
1	0.012	84	-0.000813046	3.70816e-06	0.0604443	0.000867076
1	0.012	85	-0.000812996	3.66487e-06	0.0604386	0.000856898
1	0.012	86	-0.000813154	3.62566e-06	0.060498	0.000848938
1	0.012	87	-0.000813125	3.5841e-06	0.0605168	0.000839353
1	0.012	88	-0.000812648	3.57497e-06	0.0604669	0.000831128
1	0.012	89	-0.000812176	3.56577e-06	0.0604002	0.000824404
1	0.012	90	-0.000812035	3.52894e-06	0.0604209	0.000815343
1	0.012	91	-0.000812246	3.49643e-06	0.0605391	0.000814585
1	0.012	92	-0.000811883	3.47714e-06	0.0603773	0.000821323
1	0.012	93	-0.000812051	3.4438e-06	0.060399	0.000812741
1	0.012	94	-0.000812488	3.43471e-06	0.0603859	0.000803314
1	0.012	95	-0.000812	3.43306e-06	0.0603008	0.000799355
1	0.012	96	-0.00081263	3.45476e-06	0.0603772	0.000794292
1	0.012	97	-0.000812606	3.41923e-06	0.060365	0.000786197
1	0.012	98	-0.000812604	3.38434e-06	0.0602799	0.000782298
1	0.012	99	-0.000812171	3.37767e-06	0.0602952	0.000773719
1	0.012	100	-0.00081222	3.34425e-06	0.0602689	0.000766329
1	0.014	1	-0.000825381	0	0.0557622	0
1	0.014	2	-0.000843661	1.29258e-05	0.0577111	0.00137415
1	0.014	3	-0.000851135	1.05592e-05	0.0546234	0.00232515
1	0.014	4	-0.000870665	1.86755e-05	0.0539241	0.00143613
1	0.014	5	-0.000872277	1.50098e-05	0.0552278	0.00155556
1	0.014	6	-0.000878329	1.36738e-05	0.0536741	0.00168548
1	0.014	7	-0.000878351	1.17205e-05	0.0533439	0.00147062
1	0.014	8	-0.000869746	1.30371e-05	0.0543014	0.00134455
1	0.014	9	-0.000873207	1.20391e-05	0.0550284	0.00136816
1	0.014	10	-0.000875402	1.10335e-05	0.0550113	0.00122549
1	0.014	11	-0.000873395	1.02113e-05	0.0541578	0.00135686
1	0.014	12	-0.000871198	9.59381e-06	0.0535764	0.00135879
1	0.014	13	-0.000869481	9.00819e-06	0.0542054	0.00135015
1	0.014	14	-0.000871048	8.50003e-06	0.0535193	0.00137237
1	0.014	15	-0.000870986	7.93359e-06	0.0532026	0.00131197
1	0.014	16	-0.000867283	8.25701e-06	0.0534818	0.00121737
1	0.014	17	-0.000870717	8.45518e-06	0.0535136	0.00113114
1	0.014	18	-0.000870867	7.98679e-06	0.0542274	0.00124417
1	0.014	19	-0.000870578	7.57166e-06	0.0543939	0.00118709
1	0.014	20	-0.000872408	7.41087e-06	0.0544497	0.00112523
1	0.014	21	-0.000871847	7.07919e-06	0.0542726	0.00108505
1	0.014	22	-0.00087003	6.98657e-06	0.0543229	0.0010296
1	0.014	23	-0.000869003	6.7579e-06	0.0545374	0.000996803
1	0.014	24	-0.000866997	6.76758e-06	0.0552159	0.00109963
1	0.014	25	-0.00086834	6.62874e-06	0.0550717	0.00105595
1	0.014	26	-0.000869224	6.43255e-06	0.0553418	0.00104801
1	0.014	27	-0.000869555	6.20278e-06	0.0552865	0.00100974
1	0.014	28	-0.000870795	6.10402e-06	0.0552546	0.000969937
1	0.014	29	-0.000872623	6.16128e-06	0.0553094	0.000933482
1	0.014	30	-0.000872988	5.96667e-06	0.0550081	0.000939457
1	0.014	31	-0.000872176	5.82917e-06	0.0553872	0.000963318
1	0.014	32	-0.000871215	5.72559e-06	0.0554419	0.000931479
1	0.014	33	-0.000869945	5.69127e-06	0.0551912	0.000936463
1	0.014	34	-0.00087073	5.57775e-06	0.0554759	0.00094933
1	0.014	35	-0.000870571	5.42064e-06	0.0553015	0.000936526
1	0.014	36	-0.00087084	5.27674e-06	0.0550692	0.000933144
1	0.014	37	-0.000869364	5.33655e-06	0.0548553	0.000932209
1	0.014	38	-0.000867967	5.37596e-06	0.0548666	0.000903174
1	0.014	39	-0.000867091	5.30899e-06	0.0550866	0.000896012
1	0.014	40	-0.000867135	5.17644e-06	0.054901	0.0008897
1	0.014	41	-0.000867606	5.07158e-06	0.0547766	0.00087324
1	0.014	42	-0.000866584	5.05275e-06	0.054873	0.000851951
1	0.014	43	-0.000867559	5.02843e-06	0.0548474	0.000829333
1	0.014	44	-0.000866771	4.97553e-06	0.0547529	0.000815872
1	0.014	45	-0.000866747	4.86501e-06	0.0548047	0.000799106
1	0.014	46	-0.000867321	4.79292e-06	0.0545581	0.000808552
1	0.014	47	-0.000867777	4.71266e-06	0.0545081	0.000791388
1	0.014	48	-0.000868394	4.65461e-06	0.0542302	0.00080958
1	0.014	49	-0.000867783	4.59951e-06	0.0541476	0.000797303
1	0.014	50	-0.000867272	4.53581e-06	0.053936	0.000807767
1	0.014	51	-0.000867229	4.44707e-06	0.0541275	0.000811048
1	0.014	52	-0.000867568	4.37441e-06	0.0540481	0.000797626
1	0.014	53	-0.000866769	4.36417e-06	0.0541297	0.000782511
1	0.014	54	-0.00086673	4.28352e-06	0.0540077	0.000776341
1	0.014	55	-0.000867146	4.22574e-06	0.0539281	0.000764154
1	0.014	56	-0.000866712	4.17252e-06	0.0539236	0.000750096
1	0.014	57	-0.000867215	4.12956e-06	0.0538334	0.000739315
1	0.014	58	-0.000867607	4.07694e-06	0.0537024	0.000734328
1	0.014	59	-0.000865776	4.39982e-06	0.0539579	0.000735012
1	0.014	60	-0.00086587	4.32748e-06	0.0540515	0.00072809
1	0.014	61	-0.000865621	4.2637e-06	0.0540611	0.00071599
1	0.014	62	-0.000865828	4.19994e-06	0.0540318	0.0007046
1	0.014	63	-0.000865281	4.16869e-06	0.0539596	0.000697145
1	0.014	64	-0.000865048	4.11007e-06	0.0539355	0.000686677
1	0.014	65	-0.00086529	4.05395e-06	0.0539185	0.000675942
1	0.014	66	-0.000865165	3.99444e-06	0.0540728	0.000679901
1	0.014	67	-0.000866055	4.03271e-06	0.0541048	0.000668922
1	0.014	68	-0.000866691	4.02322e-06	0.0540902	0.000657595
1	0.014	69	-0.000866749	3.96533e-06	0.0539732	0.000656614
1	0.014	70	-0.000866642	3.91012e-06	0.0540583	0.000651577
1	0.014	71	-0.000866182	3.88199e-06	0.0541944	0.000651545
1	0.014	72	-0.000867421	4.021e-06	0.0543762	0.00066716
1	0.014	73	-0.000867848	3.98849e-06	0.0542714	0.000662797
1	0.014	74	-0.000868375	3.96926e-06	0.0542163	0.00065382
1	0.014	75	-0.000868176	3.92131e-06	0.0542018	0.000645252
1	0.014	76	-0.000867933	3.87724e-06	0.0543823	0.000656224
1	0.014	77	-0.000868297	3.84397e-06	0.0543132	0.00064942
1	0.014	78	-0.000868356	3.79514e-06	0.0544388	0.000651682
1	0.014	79	-0.000868559	3.75252e-06	0.054475	0.000644412
1	0.014	80	-0.000867995	3.74776e-06	0.0544822	0.000635279
1	0.014	81	-0.000868244	3.70978e-06	0.0545219	0.000628648
1	0.014	82	-0.000868779	3.70292e-06	0.0545202	0.000619949
1	0.014	83	-0.000869206	3.6828e-06	0.0546403	0.000623688
1	0.014	84	-0.00086895	3.64781e-06	0.0546589	0.000616129
1	0.014	85	-0.000869324	3.62399e-06	0.0546646	0.000608477
1	0.014	86	-0.000869389	3.58245e-06	0.0546793	0.000601571
1	0.014	87	-0.00086899	3.56348e-06	0.0547726	0.00059882
1	0.014	88	-0.000869036	3.52329e-06	0.0547318	0.000593115
1	0.014	89	-0.000868626	3.50758e-06	0.0547581	0.000585973
1	0.014	90	-0.000868688	3.46915e-06	0.054751	0.00057946
1	0.014	91	-0.000868375	3.44511e-06	0.0547373	0.000573103
1	0.014	92	-0.000868163	3.41417e-06	0.0548763	0.000579771
1	0.014	93	-0.000867844	3.39234e-06	0.0548052	0.000577881
1	0.014	94	-0.000868171	3.37206e-06	0.0547706	0.000571724
1	0.014	95	-0.000868103	3.33726e-06	0.054675	0.00057278
1	0.014	96	-0.000867946	3.3062e-06	0.0546917	0.000566838
1	0.014	97	-0.000868334	3.2948e-06	0.0546652	0.000560488
1	0.014	98	-0.00086843	3.26257e-06	0.0546373	0.000555202
1	0.014	99	-0.000868277	3.23319e-06	0.0546343	0.00054955
1	0.014	100	-0.000868046	3.20913e-06	0.0546584	0.000544082
1	0.016	1	-0.000875676	0	0.0504502	0
1	0.016	2	-0.000856206	1.37677e-05	0.0530839	0.00108534
1	0.016	3	-0.000862696	1.05983e-05	0.0544539	0.00130348
1	0.016	4	-0.000878381	1.57381e-05	0.052094	0.00159361
1	0.016	5	-0.000881963	1.29918e-05	0.0506397	0.00165942
1	0.016	6	-0.000897226	1.76452e-05	0.0494611	0.00130445
1	0.016	7	-0.000890801	1.62524e-05	0.0504864	0.00126996
1	0.016	8	-0.000885857	1.49537e-05	0.0502913	0.00112483
1	0.016	9	-0.00088872	1.35635e-05	0.0499385	0.00101382
1	0.016	10	-0.000887603	1.22531e-05	0.050711	0.00109293
1	0.016	11	-0.000888966	1.12147e-05	0.0503683	0.0010222
1	0.016	12	-0.000892852	1.09327e-05	0.0500489	0.000932229
1	0.016	13	-0.000894683	1.02439e-05	0.0501686	0.000867393
1	0.016	14	-0.000894204	9.5234e-06	0.050062	0.000811478
1	0.016	15	-0.000895393	8.96239e-06	0.0504019	0.000817334
1	0.016	16	-0.000899249	9.19454e-06	0.0497553	0.000865828
1	0.016	17	-0.000897714	8.78081e-06	0.049874	0.000813966
1	0.016	18	-0.000897601	8.29373e-06	0.0496164	0.000800012
1	0.016	19	-0.000900119	8.23069e-06	0.0493503	0.000763745
1	0.016	20	-0.000899088	7.88342e-06	0.0495393	0.000736354
1	0.016	21	-0.000900441	7.62322e-06	0.049687	0.000715545
1	0.016	22	-0.00090061	7.27858e-06	0.049524	0.000696095
1	0.016	23	-0.000899462	7.0521e-06	0.0496516	0.000668249
1	0.016	24	-0.000899568	6.75906e-06	0.0495873	0.000642495
1	0.016	25	-0.000898065	6.65385e-06	0.0498737	0.000646358
1	0.016	26	-0.000895455	6.89061e-06	0.0500542	0.00061397
1	0.016	27	-0.000895599	6.6369e-06	0.0501599	0.00059852
1	0.016	28	-0.000894932	6.4333e-06	0.0503144	0.000587692
1	0.016	29	-0.000892281	6.73574e-06	0.0505129	0.00056199
1	0.016	30	-0.000890799	6.67218e-06	0.0507225	0.000556868
1	0.016	31	-0.000891073	6.46258e-06	0.0504284	0.000591209
1	0.016	32	-0.000891897	6.31291e-06	0.0502608	0.000584136
1	0.016	33	-0.000893468	6.31404e-06	0.0501341	0.000564719
1	0.016	34	-0.000894327	6.18655e-06	0.0500882	0.000546517
1	0.016	35	-0.000895958	6.22089e-06	0.0501071	0.000527437
1	0.016	36	-0.000896091	6.04951e-06	0.0503269	0.000547106
1	0.016	37	-0.000896126	5.88612e-06	0.0503507	0.000532734
1	0.016	38	-0.000896538	5.74555e-06	0.0501488	0.00054328
1	0.016	39	-0.000897219	5.63844e-06	0.0501536	0.000528474
1	0.016	40	-0.000897673	5.51577e-06	0.050026	0.000523978
1	0.016	41	-0.000898068	5.39534e-06	0.0499218	0.000516934
1	0.016	42	-0.000898761	5.31122e-06	0.0497692	0.000516001
1	0.016	43	-0.000896439	5.67247e-06	0.0499393	0.000497818
1	0.016	44	-0.000896658	5.54777e-06	0.0497206	0.000519401
1	0.016	45	-0.000897157	5.4469e-06	0.0495863	0.000517519
1	0.016	46	-0.000896159	5.41927e-06	0.0498468	0.00054211
1	0.016	47	-0.000896352	5.30743e-06	0.049814	0.000530967
1	0.016	48	-0.000895513	5.26283e-06	0.0499489	0.000526908
1	0.016	49	-0.000894156	5.32749e-06	0.0499559	0.000512129
1	0.016	50	-0.000894247	5.22171e-06	0.0498689	0.00050715
1	0.016	51	-0.000895458	5.25803e-06	0.0498789	0.000494501
1	0.016	52	-0.000895263	5.16053e-06	0.0498251	0.000487646
1	0.016	53	-0.000895444	5.06632e-06	0.0498923	0.000482419
1	0.016	54	-0.000896408	5.06341e-06	0.0498121	0.000472788
1	0.016	55	-0.000897238	5.03901e-06	0.0496392	0.000479548
1	0.016	56	-0.00089722	4.94906e-06	0.0495237	0.00048162
1	0.016	57	-0.000898183	4.95514e-06	0.0494716	0.000470732
1	0.016	58	-0.000898111	4.87023e-06	0.0495723	0.000470431
1	0.016	59	-0.000897986	4.7893e-06	0.0494773	0.000470303
1	0.016	60	-0.000897617	4.72364e-06	0.0494976	0.000462178
1	0.016	61	-0.000897242	4.66107e-06	0.0495891	0.000459584
1	0.016	62	-0.000898192	4.68172e-06	0.0495319	0.000449924
1	0.016	63	-0.000898365	4.61061e-06	0.0495855	0.000445582
1	0.016	64	-0.000897739	4.58088e-06	0.0495948	0.000437541
1	0.016	65	-0.000898622	4.59471e-06	0.0494796	0.000435102
1	0.016	66	-0.000898702	4.52578e-06	0.0493107	0.000452287
1	0.016	67	-0.000898174	4.48896e-06	0.0494278	0.000453447
1	0.016	68	-0.000897153	4.5375e-06	0.049398	0.000446609
1	0.016	69	-0.000896829	4.48329e-06	0.0494022	0.000439869
1	0.016	70	-0.000896324	4.44755e-06	0.0494647	0.000434818
1	0.016	71	-0.000896006	4.3963e-06	0.0495142	0.000429826
1	0.016	72	-0.000895776	4.34125e-06	0.0495665	0.000425567
1	0.016	73	-0.000895578	4.2863e-06	0.0496012	0.000420386
1	0.016	74	-0.000895526	4.2287e-06	0.0497407	0.000431861
1	0.016	75	-0.000895368	4.17524e-06	0.0497789	0.000427051
1	0.016	76	-0.000895779	4.14043e-06	0.0497702	0.000420796
1	0.016	77	-0.000895717	4.08711e-06	0.0497739	0.000415329
1	0.016	78	-0.000895022	4.09336e-06	0.0499136	0.000421519
1	0.016	79	-0.000895025	4.04155e-06	0.0500022	0.000423402
1	0.016	80	-0.000894021	4.11393e-06	0.0501875	0.0004366
1	0.016	81	-0.000894124	4.06443e-06	0.0501151	0.000435471
1	0.016	82	-0.000894067	4.01527e-06	0.0501341	0.000430426
1	0.016	83	-0.000893957	3.96839e-06	0.050004	0.000441178
1	0.016	84	-0.000893617	3.93571e-06	0.0500884	0.000440494
1	0.016	85	-0.000893381	3.89643e-06	0.0500856	0.000435221
1	0.016	86	-0.000893573	3.85582e-06	0.0499493	0.000445335
1	0.016	87	-0.000892872	3.87473e-06	0.0499407	0.000439214
1	0.016	88	-0.000893053	3.83493e-06	0.0499284	0.00043412
1	0.016	89	-0.000892577	3.82124e-06	0.049889	0.00043104
1	0.016	90	-0.000892209	3.79651e-06	0.0499555	0.000428634
1	0.016	91	-0.000892396	3.75944e-06	0.0499183	0.000424699
1	0.016	92	-0.000891995	3.73999e-06	0.0500208	0.000427148
1	0.016	93	-0.000892471	3.73005e-06	0.049977	0.000422437
1	0.016	94	-0.000892572	3.69172e-06	0.0499936	0.00041825
1	0.016	95	-0.000892341	3.66005e-06	0.0500014	0.000413666
1	0.016	96	-0.000892531	3.62686e-06	0.0500086	0.000409346
1	0.016	97	-0.000892789	3.59862e-06	0.0500495	0.000407095
1	0.016	98	-0.000892568	3.5687e-06	0.050089	0.000403831
1	0.016	99	-0.000892581	3.53268e-06	0.0500806	0.000399812
1	0.016	100	-0.000892953	3.51692e-06	0.0500089	0.000398866
1	0.018	1	-0.000884189	0	0.0492117	0
1	0.018	2	-0.000879542	3.28592e-06	0.0495226	3.01268e-05
1	0.018	3	-0.000902925	1.92169e-05	0.0466177	0.0012476
1	0.018	4	-0.000900865	1.45227e-05	0.04751	0.00111202
1	0.018	5	-0.00089675	1.2187e-05	0.0489558	0.00135159
1	0.018	6	-0.000894732	1.03217e-05	0.0496881	0.00124896
1	0.018	7	-0.000887894	1.08785e-05	0.0498803	0.00101344
1	0.018	8	-0.000895868	1.20926e-05	0.0485826	0.00117669
1	0.018	9	-0.00089674	1.07804e-05	0.0487512	0.00105697
1	0.018	10	-0.000899382	1.00207e-05	0.0484679	0.000956342
1	0.018	11	-0.000895704	9.7612e-06	0.048675	0.000855288
1	0.018	12	-0.000894295	9.04892e-06	0.0491989	0.00087888
1	0.018	13	-0.000896662	8.65685e-06	0.0488626	0.000832356
1	0.018	14	-0.000893904	8.46639e-06	0.0494588	0.000876655
1	0.018	15	-0.000894473	7.92105e-06	0.0496221	0.000831797
1	0.018	16	-0.000892702	7.62145e-06	0.0495628	0.00078031
1	0.018	17	-0.000895298	7.60257e-06	0.0490856	0.000798245
1	0.018	18	-0.000895687	7.19015e-06	0.0495239	0.00084791
1	0.018	19	-0.000894817	6.86416e-06	0.049442	0.000807373
1	0.018	20	-0.000892113	7.03334e-06	0.0497056	0.000769317
1	0.018	21	-0.000892879	6.73994e-06	0.0495414	0.000741564
1	0.018	22	-0.000891653	6.54401e-06	0.0496454	0.000707363
1	0.018	23	-0.000891235	6.27286e-06	0.0494572	0.000698365
1	0.018	24	-0.000891039	6.01453e-06	0.0499786	0.000808522
1	0.018	25	-0.000889482	5.97223e-06	0.0503023	0.000809249
1	0.018	26	-0.000888857	5.7751e-06	0.0504475	0.000785459
1	0.018	27	-0.000888623	5.56594e-06	0.0504254	0.00075671
1	0.018	28	-0.000886743	5.6759e-06	0.050353	0.000729787
1	0.018	29	-0.000886916	5.48281e-06	0.0503516	0.000704522
1	0.018	30	-0.0008863	5.3346e-06	0.0506855	0.000736066
1	0.018	31	-0.000888099	5.45747e-06	0.0504668	0.000718836
1	0.018	32	-0.000888482	5.30035e-06	0.0503414	0.000703319
1	0.018	33	-0.000889297	5.202e-06	0.0501302	0.0007003
1	0.018	34	-0.000888956	5.06017e-06	0.0502187	0.000683053
1	0.018	35	-0.000889479	4.94261e-06	0.0499553	0.000698918
1	0.018	36	-0.000889287	4.80905e-06	0.0500215	0.000681602
1	0.018	37	-0.000890179	4.76111e-06	0.0499767	0.000660867
1	0.018	38	-0.000891691	4.87001e-06	0.0497786	0.000651075
1	0.018	39	-0.000891964	4.75279e-06	0.0496511	0.00064306
1	0.018	40	-0.000891637	4.64525e-06	0.0497341	0.000630139
1	0.018	41	-0.000890866	4.59549e-06	0.0498064	0.000614647
1	0.018	42	-0.00089143	4.52055e-06	0.049758	0.000599606
1	0.018	43	-0.000892365	4.5111e-06	0.0496054	0.000593364
1	0.018	44	-0.000893873	4.65391e-06	0.0494378	0.000582915
1	0.018	45	-0.000894074	4.55483e-06	0.0495956	0.000588202
1	0.018	46	-0.000894925	4.53468e-06	0.0495377	0.000573731
1	0.018	47	-0.000894597	4.45005e-06	0.0494739	0.000565023
1	0.018	48	-0.00089496	4.3721e-06	0.0494189	0.000554181
1	0.018	49	-0.000895748	4.35319e-06	0.0494235	0.00054126
1	0.018	50	-0.000896845	4.40232e-06	0.0492041	0.000551957
1	0.018	51	-0.000897182	4.32884e-06	0.0492522	0.000543165
1	0.018	52	-0.000897547	4.261e-06	0.0492206	0.00053254
1	0.018	53	-0.000898147	4.22264e-06	0.0491917	0.000521268
1	0.018	54	-0.000899109	4.25264e-06	0.0489708	0.000536392
1	0.018	55	-0.000899774	4.22692e-06	0.048886	0.000528232
1	0.018	56	-0.000899167	4.19476e-06	0.048957	0.000519763
1	0.018	57	-0.000900306	4.27306e-06	0.0488689	0.000508311
1	0.018	58	-0.000900545	4.20606e-06	0.0488569	0.000499337
1	0.018	59	-0.000901113	4.17297e-06	0.0487927	0.000491471
1	0.018	60	-0.000901423	4.11489e-06	0.0487159	0.00048661
1	0.018	61	-0.000901596	4.05105e-06	0.0486623	0.000480432
1	0.018	62	-0.000900657	4.09297e-06	0.0487141	0.00047012
1	0.018	63	-0.000900868	4.03344e-06	0.0486426	0.000466053
1	0.018	64	-0.000900594	3.97973e-06	0.0485867	0.00046202
1	0.018	65	-0.000899453	4.07885e-06	0.0487267	0.000460005
1	0.018	66	-0.000900061	4.06216e-06	0.0485416	0.000475219
1	0.018	67	-0.000900121	4.00197e-06	0.0485983	0.000470974
1	0.018	68	-0.000900121	3.94312e-06	0.0485898	0.00046411
1	0.018	69	-0.00090024	3.88778e-06	0.0486207	0.000458336
1	0.018	70	-0.000899845	3.85225e-06	0.0487188	0.000457737
1	0.018	71	-0.000899312	3.83471e-06	0.0488143	0.000455812
1	0.018	72	-0.000899527	3.78749e-06	0.0487442	0.000452835
1	0.018	73	-0.000899842	3.74868e-06	0.0487691	0.000447241
1	0.018	74	-0.00089974	3.6994e-06	0.0488107	0.000442501
1	0.018	75	-0.000900465	3.72031e-06	0.0486791	0.00044534
1	0.018	76	-0.000899867	3.71901e-06	0.0487442	0.000440168
1	0.018	77	-0.000900457	3.71725e-06	0.0486816	0.000434857
1	0.018	78	-0.00090067	3.67565e-06	0.0486356	0.000430522
1	0.018	79	-0.00090057	3.63048e-06	0.0487063	0.000429284
1	0.018	80	-0.000900109	3.6143e-06	0.0488058	0.000429945
1	0.018	81	-0.000900488	3.58957e-06	0.0487334	0.000427488
1	0.018	82	-0.000901119	3.60076e-06	0.0486389	0.000425951
1	0.018	83	-0.000901509	3.57843e-06	0.0485223	0.000430427
1	0.018	84	-0.000900692	3.62781e-06	0.0486864	0.000440654
1	0.018	85	-0.00090026	3.61084e-06	0.0488187	0.000447658
1	0.018	86	-0.000899625	3.62413e-06	0.0489404	0.000450386
1	0.018	87	-0.000899274	3.59946e-06	0.0489745	0.000445256
1	0.018	88	-0.000899915	3.61518e-06	0.048888	0.000442589
1	0.018	89	-0.000899988	3.5753e-06	0.0488536	0.000438526
1	0.018	90	-0.000899721	3.54556e-06	0.0488886	0.000434065
1	0.018	91	-0.00089952	3.5123e-06	0.0489708	0.000434526
1	0.018	92	-0.000899958	3.50128e-06	0.0489193	0.000430341
1	0.018	93	-0.000900261	3.47675e-06	0.0488978	0.000425438
1	0.018	94	-0.000900212	3.4401e-06	0.0488764	0.000421401
1	0.018	95	-0.000900391	3.40852e-06	0.0488898	0.000417139
1	0.018	96	-0.000900302	3.37417e-06	0.0489699	0.000418548
1	0.018	97	-0.000900038	3.34967e-06	0.0491137	0.000431502
1	0.018	98	-0.000899423	3.3715e-06	0.0491954	0.000429307
1	0.018	99	-0.000899693	3.34826e-06	0.0491789	0.00042469
1	0.018	100	-0.000899143	3.35965e-06	0.0492879	0.000427342
1	0.02	1	-0.000809267	0	0.0605802	0
1	0.02	2	-0.000850328	2.90345e-05	0.0530647	0.00371583
1	0.02	3	-0.00086897	2.46243e-05	0.0489995	0.00347667
1	0.02	4	-0.0008859	2.35806e-05	0.0470459	0.00269656
1	0.02	5	-0.00088248	1.91109e-05	0.0482715	0.00233381
1	0.02	6	-0.00088439	1.60208e-05	0.0482638	0.00194148
1	0.02	7	-0.000877302	1.52196e-05	0.0490704	0.00169855
1	0.02	8	-0.000874135	1.36426e-05	0.0498286	0.00157978
1	0.02	9	-0.000877669	1.2576e-05	0.0499959	0.00140815
1	0.02	10	-0.000869818	1.35491e-05	0.0513546	0.0015359
1	0.02	11	-0.000868387	1.23927e-05	0.051629	0.00140885
1	0.02	12	-0.000864005	1.21099e-05	0.0524949	0.00142102
1	0.02	13	-0.000864337	1.11829e-05	0.0524048	0.00131331
1	0.02	14	-0.000859766	1.12797e-05	0.0530611	0.0012788
1	0.02	15	-0.000859086	1.05482e-05	0.0532193	0.00119925
1	0.02	16	-0.00086075	1.00193e-05	0.0528069	0.00116403
1	0.02	17	-0.000862431	9.56991e-06	0.0526331	0.00109659
1	0.02	18	-0.000863847	9.14236e-06	0.0525024	0.0010353
1	0.02	19	-0.00086308	8.6933e-06	0.052794	0.00100797
1	0.02	20	-0.000864431	8.36301e-06	0.052509	0.000978285
1	0.02	21	-0.000867557	8.52915e-06	0.0520385	0.000973329
1	0.02	22	-0.000868838	8.23704e-06	0.0518034	0.000942148
1	0.02	23	-0.000868117	7.91041e-06	0.0519749	0.000910116
1	0.02	24	-0.000867937	7.58284e-06	0.0520354	0.000873533
1	0.02	25	-0.000867805	7.28068e-06	0.0520703	0.000839036
1	0.02	26	-0.000870871	7.61882e-06	0.0517056	0.000824555
1	0.02	27	-0.000872104	7.43576e-06	0.0514176	0.000821099
1	0.02	28	-0.000871857	7.17428e-06	0.0513471	0.000794617
1	0.02	29	-0.000873678	7.1542e-06	0.0512474	0.000761433
1	0.02	30	-0.00087416	6.93197e-06	0.0512894	0.00073709
1	0.02	31	-0.00087343	6.74676e-06	0.0514548	0.000723458
1	0.02	32	-0.000873507	6.53636e-06	0.0515148	0.000702931
1	0.02	33	-0.00087367	6.34033e-06	0.0516281	0.000689315
1	0.02	34	-0.000873446	6.15783e-06	0.0516212	0.000669074
1	0.02	35	-0.00087295	6.00182e-06	0.0515933	0.000650534
1	0.02	36	-0.000873019	5.8355e-06	0.0516167	0.000632833
1	0.02	37	-0.000873254	5.68253e-06	0.0515972	0.000615653
1	0.02	38	-0.000871946	5.68157e-06	0.0518093	0.000614803
1	0.02	39	-0.000869868	5.90367e-06	0.0519661	0.00059503
1	0.02	40	-0.00086996	5.7568e-06	0.0519059	0.00058229
1	0.02	41	-0.000869331	5.65066e-06	0.0519518	0.000567751
1	0.02	42	-0.000869415	5.51674e-06	0.0519993	0.000555908
1	0.02	43	-0.000870204	5.44466e-06	0.0519708	0.000541263
1	0.02	44	-0.000871751	5.53635e-06	0.0518584	0.000525877
1	0.02	45	-0.000872863	5.52386e-06	0.0517469	0.000515462
1	0.02	46	-0.000873224	5.41551e-06	0.0516831	0.000505976
1	0.02	47	-0.000874567	5.46431e-06	0.0515958	0.000492075
1	0.02	48	-0.000874073	5.37268e-06	0.0516521	0.000482639
1	0.02	49	-0.000874088	5.26305e-06	0.0516324	0.000473076
1	0.02	50	-0.000874138	5.15804e-06	0.0516896	0.000466348
1	0.02	51	-0.000874424	5.0648e-06	0.0516812	0.00045693
1	0.02	52	-0.000874245	4.97057e-06	0.051719	0.000448972
1	0.02	53	-0.000873534	4.92733e-06	0.0517774	0.000440389
1	0.02	54	-0.000873719	4.83955e-06	0.0517133	0.000435079
1	0.02	55	-0.000873428	4.7603e-06	0.051724	0.000426968
1	0.02	56	-0.000873676	4.68178e-06	0.0517527	0.000420262
1	0.02	57	-0.000874186	4.6273e-06	0.0516938	0.000413793
1	0.02	58	-0.000874626	4.56835e-06	0.0516124	0.000410307
1	0.02	59	-0.000874349	4.49932e-06	0.0517076	0.00041014
1	0.02	60	-0.00087507	4.48172e-06	0.0515934	0.000409607
1	0.02	61	-0.000875762	4.46138e-06	0.0514707	0.000411005
1	0.02	62	-0.000873742	4.82485e-06	0.0517504	0.000436028
1	0.02	63	-0.000873319	4.76683e-06	0.0517711	0.000428704
1	0.02	64	-0.000872587	4.74821e-06	0.0518611	0.000424735
1	0.02	65	-0.000873699	4.8036e-06	0.0516971	0.000429744
1	0.02	66	-0.000873416	4.73914e-06	0.0517538	0.000425116
1	0.02	67	-0.000873367	4.66866e-06	0.0518003	0.000420589
1	0.02	68	-0.000873581	4.60489e-06	0.0517014	0.000421945
1	0.02	69	-0.000874416	4.61327e-06	0.0516921	0.000413747
1	0.02	70	-0.000873719	4.59981e-06	0.0517823	0.000410935
1	0.02	71	-0.000874038	4.54609e-06	0.051713	0.000408112
1	0.02	72	-0.000872551	4.7199e-06	0.0518962	0.000413944
1	0.02	73	-0.000871984	4.68919e-06	0.0519834	0.00041197
1	0.02	74	-0.000872185	4.63014e-06	0.0519693	0.000406313
1	0.02	75	-0.000872182	4.56841e-06	0.0519958	0.000401541
1	0.02	76	-0.000871265	4.59935e-06	0.0521761	0.000415644
1	0.02	77	-0.000871167	4.54066e-06	0.0521964	0.000410512
1	0.02	78	-0.000871894	4.54031e-06	0.052106	0.000407957
1	0.02	79	-0.0008723	4.50091e-06	0.0520323	0.000405793
1	0.02	80	-0.000873277	4.54957e-06	0.051911	0.000405669
1	0.02	81	-0.000874194	4.58482e-06	0.0517156	0.000423955
1	0.02	82	-0.000873866	4.54063e-06	0.0517623	0.000419749
1	0.02	83	-0.000873597	4.49388e-06	0.0518155	0.000416385
1	0.02	84	-0.000873672	4.44101e-06	0.0517782	0.000412531
1	0.02	85	-0.000873753	4.38951e-06	0.0518068	0.000408531
1	0.02	86	-0.000873503	4.34562e-06	0.0517727	0.000405209
1	0.02	87	-0.000873794	4.30544e-06	0.0517045	0.000403601
1	0.02	88	-0.000873823	4.25661e-06	0.0517008	0.000399015
1	0.02	89	-0.000873818	4.20878e-06	0.0517047	0.000394547
1	0.02	90	-0.000873996	4.16578e-06	0.0516503	0.000392389
1	0.02	91	-0.000873866	4.12203e-06	0.0517235	0.000392734
1	0.02	92	-0.000873705	4.08038e-06	0.0517313	0.000388406
1	0.02	93	-0.000873604	4.03774e-06	0.0517582	0.000384779
1	0.02	94	-0.000873532	3.99544e-06	0.0517945	0.000381839
1	0.02	95	-0.000873519	3.95341e-06	0.0518046	0.000377917
1	0.02	96	-0.000873356	3.91559e-06	0.0518065	0.000373913
1	0.02	97	-0.000874035	3.93361e-06	0.0516803	0.000379898
1	0.02	98	-0.000873911	3.89541e-06	0.0516589	0.000376613
1	0.02	99	-0.000872903	3.98431e-06	0.0518267	0.000388663
1	0.02	100	-0.000873094	3.94902e-06	0.0517884	0.000385693
1	0.022	1	-0.000796797	0	0.0574393	0
1	0.022	2	-0.000794236	1.81125e-06	0.0594756	0.00134553
1	0.022	3	-0.000831643	3.05667e-05	0.0557533	0.00157854
1	0.022	4	-0.000837342	2.34503e-05	0.0546319	0.00134914
1	0.022	5	-0.000855593	2.48684e-05	0.0524069	0.00151741
1	0.022	6	-0.00084178	2.42583e-05	0.0540602	0.00150995
1	0.022	7	-0.000832936	2.23472e-05	0.0549437	0.0013498
1	0.022	8	-0.000827493	2.02056e-05	0.0559022	0.001327
1	0.022	9	-0.000830354	1.81619e-05	0.055766	0.00117331
1	0.022	10	-0.000832385	1.6459e-05	0.0555422	0.00106029
1	0.022	11	-0.000832034	1.49665e-05	0.056	0.00102899
1	0.022	12	-0.000836548	1.43839e-05	0.0552887	0.00103819
1	0.022	13	-0.000837904	1.33412e-05	0.0553762	0.000961403
1	0.022	14	-0.000832849	1.33116e-05	0.0560984	0.000991891
1	0.022	15	-0.000830871	1.25703e-05	0.056361	0.000938549
1	0.022	16	-0.000828709	1.19691e-05	0.056741	0.000915356
1	0.022	17	-0.000826145	1.15363e-05	0.0570969	0.000887721
1	0.022	18	-0.000827949	1.10355e-05	0.0568578	0.000848939
1	0.022	19	-0.000829858	1.06185e-05	0.0566185	0.000814351
1	0.022	20	-0.000833614	1.07313e-05	0.0563008	0.000775607
1	0.022	21	-0.000835107	1.03236e-05	0.0563709	0.000741082
1	0.022	22	-0.000836144	9.90628e-06	0.0561925	0.000716571
1	0.022	23	-0.000835677	9.48654e-06	0.056276	0.000687787
1	0.022	24	-0.000837097	9.19686e-06	0.056151	0.000659713
1	0.022	25	-0.000836899	8.8311e-06	0.0561916	0.000634003
1	0.022	26	-0.000835186	8.6561e-06	0.0563924	0.000618987
1	0.022	27	-0.000836989	8.52114e-06	0.0561462	0.000612804
1	0.022	28	-0.000837951	8.27101e-06	0.0559963	0.000598128
1	0.022	29	-0.000837981	7.98586e-06	0.0560299	0.000578211
1	0.022	30	-0.000836227	7.91004e-06	0.0562218	0.000567023
1	0.022	31	-0.000836775	7.67386e-06	0.0560649	0.000560817
1	0.022	32	-0.000838767	7.68815e-06	0.0558215	0.000558555
1	0.022	33	-0.000838972	7.45792e-06	0.0557168	0.000547856
1	0.022	34	-0.000838936	7.23866e-06	0.0557304	0.000531855
1	0.022	35	-0.000839742	7.07659e-06	0.0555939	0.000524131
1	0.022	36	-0.000838723	6.95296e-06	0.0557205	0.000514527
1	0.022	37	-0.000839101	6.77528e-06	0.0556827	0.000500788
1	0.022	38	-0.000839124	6.59702e-06	0.0555722	0.000496337
1	0.022	39	-0.00084	6.48576e-06	0.0555293	0.000482092
1	0.022	40	-0.000837034	6.96906e-06	0.0558074	0.000481553
1	0.022	41	-0.000836531	6.81718e-06	0.0558391	0.000469663
1	0.022	42	-0.000838162	6.84706e-06	0.0556385	0.000471079
1	0.022	43	-0.000838466	6.69457e-06	0.0556	0.000460561
1	0.022	44	-0.000838443	6.54246e-06	0.0556094	0.000450157
1	0.022	45	-0.000836576	6.65804e-06	0.0558654	0.000465827
1	0.022	46	-0.000837759	6.61761e-06	0.0556773	0.000471011
1	0.022	47	-0.000837908	6.47848e-06	0.0556199	0.000463084
1	0.022	48	-0.000837935	6.34357e-06	0.0555931	0.000453958
1	0.022	49	-0.000839683	6.45053e-06	0.0554205	0.000450063
1	0.022	50	-0.000838777	6.38489e-06	0.0555182	0.00044371
1	0.022	51	-0.000838374	6.27239e-06	0.0555639	0.000435713
1	0.022	52	-0.000837149	6.27014e-06	0.0557091	0.000434491
1	0.022	53	-0.000836075	6.24318e-06	0.0558394	0.00043232
1	0.022	54	-0.000835197	6.18897e-06	0.0560158	0.000441755
1	0.022	55	-0.000834015	6.18838e-06	0.0561515	0.000439582
1	0.022	56	-0.000833844	6.08024e-06	0.0561892	0.000432596
1	0.022	57	-0.000834078	5.97808e-06	0.0561274	0.000427394
1	0.022	58	-0.000833855	5.87919e-06	0.0561412	0.000420003
1	0.022	59	-0.000834052	5.78287e-06	0.0561303	0.000412782
1	0.022	60	-0.000833437	5.71911e-06	0.056232	0.000411403
1	0.022	61	-0.000832379	5.72241e-06	0.0563702	0.000412634
1	0.022	62	-0.000832418	5.63024e-06	0.0563974	0.00040667
1	0.022	63	-0.000831683	5.58868e-06	0.0565272	0.00040969
1	0.022	64	-0.00083058	5.60913e-06	0.0566127	0.000403287
1	0.022	65	-0.000830518	5.52318e-06	0.0565957	0.000397398
1	0.022	66	-0.000830049	5.45931e-06	0.0566291	0.00039131
1	0.022	67	-0.000829628	5.39409e-06	0.0566903	0.000387385
1	0.022	68	-0.000828653	5.40217e-06	0.0568217	0.00038969
1	0.022	69	-0.000828037	5.35886e-06	0.0569487	0.00039442
1	0.022	70	-0.000829475	5.472e-06	0.0568054	0.000393344
1	0.022	71	-0.000828282	5.52355e-06	0.0569403	0.000394121
1	0.022	72	-0.000828611	5.45665e-06	0.0568754	0.000391186
1	0.022	73	-0.000828081	5.4076e-06	0.0569325	0.000386906
1	0.022	74	-0.000828592	5.35861e-06	0.0568815	0.000382223
1	0.022	75	-0.000829048	5.30648e-06	0.0568309	0.000377904
1	0.022	76	-0.000829174	5.23815e-06	0.0568001	0.000373588
1	0.022	77	-0.000829675	5.19406e-06	0.0567336	0.000370701
1	0.022	78	-0.000829197	5.14941e-06	0.0567935	0.00036758
1	0.022	79	-0.000828572	5.12199e-06	0.0568756	0.000366167
1	0.022	80	-0.000827929	5.09817e-06	0.0569579	0.000364752
1	0.022	81	-0.00082772	5.0395e-06	0.0569793	0.000360414
1	0.022	82	-0.000828138	4.9953e-06	0.0569048	0.000359483
1	0.022	83	-0.000827377	4.99267e-06	0.0570162	0.000361969
1	0.022	84	-0.000826336	5.04056e-06	0.057131	0.000362397
1	0.022	85	-0.000826662	4.99172e-06	0.0570812	0.00035948
1	0.022	86	-0.000827228	4.96577e-06	0.0570151	0.000356929
1	0.022	87	-0.000827884	4.95183e-06	0.0569291	0.000356257
1	0.022	88	-0.000827838	4.89578e-06	0.0569138	0.000352491
1	0.022	89	-0.000828068	4.84615e-06	0.0568612	0.00035056
1	0.022	90	-0.000827173	4.8741e-06	0.0569531	0.00034931
1	0.022	91	-0.000827083	4.82137e-06	0.0569799	0.000346079
1	0.022	92	-0.000827654	4.80264e-06	0.0569078	0.00034466
1	0.022	93	-0.000827876	4.75614e-06	0.0568829	0.000341155
1	0.022	94	-0.000828132	4.7124e-06	0.0568505	0.000337992
1	0.022	95	-0.000828305	4.66599e-06	0.0568242	0.000334822
1	0.022	96	-0.000828227	4.61803e-06	0.0568294	0.000331339
1	0.022	97	-0.0008287	4.59458e-06	0.0567518	0.000331769
1	0.022	98	-0.000828933	4.55357e-06	0.0567341	0.000328331
1	0.022	99	-0.000828094	4.58425e-06	0.0568545	0.00033349
1	0.022	100	-0.000827705	4.55484e-06	0.0568976	0.00033092
1	0.024	1	-0.00072939	0	0.0659652	0
1	0.024	2	-0.000779906	3.57198e-05	0.0621627	0.000892641
1	0.024	3	-0.000754008	3.18463e-05	0.0651213	0.00144908
1	0.024	4	-0.000740609	2.65542e-05	0.0667188	0.00136073
1	0.024	5	-0.000756967	2.57943e-05	0.0648565	0.00142918
1	0.024	6	-0.000762624	2.21068e-05	0.0643031	0.00121236
1	0.024	7	-0.000768776	1.97861e-05	0.0639304	0.0010277
1	0.024	8	-0.000768002	1.7328e-05	0.0642954	0.000937842
1	0.024	9	-0.000767632	1.54066e-05	0.0643414	0.000834215
1	0.024	10	-0.00076588	1.39652e-05	0.0645694	0.00076287
1	0.024	11	-0.000764559	1.2758e-05	0.0648504	0.000719712
1	0.024	12	-0.000761103	1.2154e-05	0.0654344	0.000762129
1	0.024	13	-0.000768181	1.31192e-05	0.0644751	0.000907221
1	0.024	14	-0.000772096	1.27531e-05	0.0639759	0.000889465
1	0.024	15	-0.000774364	1.21028e-05	0.0637807	0.000832009
1	0.024	16	-0.000776889	1.16068e-05	0.0634107	0.000812739
1	0.024	17	-0.000778003	1.09774e-05	0.063303	0.000766007
1	0.024	18	-0.000778025	1.03676e-05	0.0634116	0.000729118
1	0.024	19	-0.000776927	9.87989e-06	0.0636766	0.000717506
1	0.024	20	-0.000776475	9.39621e-06	0.0637582	0.000684034
1	0.024	21	-0.000776252	8.95142e-06	0.063882	0.000658992
1	0.024	22	-0.000777207	8.59529e-06	0.0638271	0.000628006
1	0.024	23	-0.000777658	8.23343e-06	0.0638261	0.000600343
1	0.024	24	-0.00077025	1.07168e-05	0.0645889	0.000688442
1	0.024	25	-0.00077314	1.06708e-05	0.0642046	0.000699406
1	0.024	26	-0.000772731	1.02682e-05	0.0643248	0.000678642
1	0.024	27	-0.000773084	9.89395e-06	0.0642494	0.000655591
1	0.024	28	-0.000768811	1.04224e-05	0.0647467	0.000691281
1	0.024	29	-0.000768368	1.00724e-05	0.0646347	0.000675265
1	0.024	30	-0.000769583	9.8096e-06	0.064439	0.000665087
1	0.024	31	-0.000768521	9.55044e-06	0.0645166	0.000643933
1	0.024	32	-0.000769482	9.30023e-06	0.0644451	0.000623566
1	0.024	33	-0.00076888	9.03788e-06	0.0644497	0.000604422
1	0.024	34	-0.000768527	8.77896e-06	0.0645192	0.000588772
1	0.024	35	-0.000768405	8.52897e-06	0.0645436	0.000572245
1	0.024	36	-0.000768588	8.29401e-06	0.0645425	0.000556258
1	0.024	37	-0.000767955	8.09398e-06	0.0646134	0.000542756
1	0.024	38	-0.000768021	7.88125e-06	0.0646416	0.000529047
1	0.024	39	-0.000767119	7.7306e-06	0.0646945	0.000515043
1	0.024	40	-0.000765315	7.74508e-06	0.0649056	0.000516514
1	0.024	41	-0.000766851	7.70704e-06	0.064657	0.000530115
1	0.024	42	-0.00076444	7.89168e-06	0.0649939	0.000559804
1	0.024	43	-0.000764312	7.7092e-06	0.0649652	0.000547462
1	0.024	44	-0.000762753	7.69006e-06	0.0651888	0.000554149
1	0.024	45	-0.000760753	7.77473e-06	0.0654065	0.000554575
1	0.024	46	-0.000760518	7.60927e-06	0.0654617	0.000544114
1	0.024	47	-0.000760557	7.44747e-06	0.0654605	0.000532526
1	0.024	48	-0.000761793	7.3942e-06	0.0652822	0.000533569
1	0.024	49	-0.000762687	7.29713e-06	0.065147	0.000529928
1	0.024	50	-0.000762516	7.15319e-06	0.0651875	0.000520239
1	0.024	51	-0.000761672	7.06248e-06	0.065268	0.000511517
1	0.024	52	-0.000761067	6.95253e-06	0.0652947	0.00050127
1	0.024	53	-0.000762645	6.99796e-06	0.0651136	0.000501772
1	0.024	54	-0.00076297	6.87591e-06	0.0651178	0.000492332
1	0.024	55	-0.000763555	6.77577e-06	0.0650365	0.000485967
1	0.024	56	-0.000761751	6.89072e-06	0.065282	0.000501732
1	0.024	57	-0.000762137	6.78062e-06	0.0652972	0.000493034
1	0.024	58	-0.000763823	6.87007e-06	0.0651055	0.000495672
1	0.024	59	-0.000765007	6.85499e-06	0.064947	0.00049679
1	0.024	60	-0.000763886	6.83172e-06	0.0651351	0.000505362
1	0.024	61	-0.0007628	6.80563e-06	0.0652685	0.000503456
1	0.024	62	-0.00076251	6.70202e-06	0.065289	0.000495375
1	0.024	63	-0.000762762	6.60038e-06	0.0652354	0.000489027
1	0.024	64	-0.000761694	6.58301e-06	0.0653211	0.000482139
1	0.024	65	-0.000762457	6.52575e-06	0.0652398	0.000476456
1	0.024	66	-0.000762606	6.42859e-06	0.0652142	0.000469537
1	0.024	67	-0.000762725	6.33373e-06	0.0651708	0.000463771
1	0.024	68	-0.000763205	6.25873e-06	0.0651101	0.000458302
1	0.024	69	-0.000762402	6.21934e-06	0.0652292	0.000458453
1	0.024	70	-0.000762871	6.14815e-06	0.0651898	0.00045199
1	0.024	71	-0.00076204	6.11741e-06	0.0652691	0.000447221
1	0.024	72	-0.000762325	6.03908e-06	0.0652148	0.00044264
1	0.024	73	-0.000761862	5.9741e-06	0.0652706	0.000437869
1	0.024	74	-0.000762629	5.94245e-06	0.0651937	0.000433409
1	0.024	75	-0.000762602	5.86328e-06	0.0651732	0.000428021
1	0.024	76	-0.00076322	5.81865e-06	0.0651416	0.000421684
1	0.024	77	-0.000763761	5.76812e-06	0.0650602	0.00041953
1	0.024	78	-0.000762515	5.82704e-06	0.065199	0.000421237
1	0.024	79	-0.000762588	5.75374e-06	0.065193	0.000415895
1	0.024	80	-0.00076278	5.68502e-06	0.0651689	0.000410912
1	0.024	81	-0.000762853	5.6153e-06	0.0651652	0.000405818
1	0.024	82	-0.000762193	5.58541e-06	0.0652232	0.000401602
1	0.024	83	-0.000762356	5.52048e-06	0.0651628	0.000399597
1	0.024	84	-0.000763002	5.49237e-06	0.0650861	0.000397186
1	0.024	85	-0.000762705	5.43574e-06	0.065128	0.000393478
1	0.024	86	-0.000763229	5.39772e-06	0.0650742	0.000389742
1	0.024	87	-0.000762839	5.34975e-06	0.0651512	0.000389267
1	0.024	88	-0.000762449	5.30315e-06	0.0651889	0.000385302
1	0.024	89	-0.000762506	5.24386e-06	0.0651645	0.000381464
1	0.024	90	-0.000763011	5.20991e-06	0.0651015	0.000378997
1	0.024	91	-0.000763562	5.18171e-06	0.0650365	0.000376586
1	0.024	92	-0.000763727	5.128e-06	0.0649835	0.000374755
1	0.024	93	-0.000763819	5.07369e-06	0.0649753	0.000370724
1	0.024	94	-0.000763248	5.05171e-06	0.0650235	0.000367227
1	0.024	95	-0.000763411	5.00115e-06	0.0650016	0.000363591
1	0.024	96	-0.00076431	5.02926e-06	0.06488	0.000367592
1	0.024	97	-0.000764806	5.00179e-06	0.0648277	0.000364719
1	0.024	98	-0.000764926	4.95219e-06	0.0647976	0.00036169
1	0.024	99	-0.000764008	4.98661e-06	0.0648857	0.000360409
1	0.024	100	-0.000764306	4.94568e-06	0.0648734	0.000356557
