density	 t_tilde	 bins	 Energy	 EnVariance	 VarianceofTotE	 VarianceOfV 
1	0.01	1	-0.00077807	0	0.0643914	0
1	0.01	2	-0.00076372	1.01467e-05	0.054949	0.00667919
1	0.01	3	-0.000705465	4.80441e-05	0.0416492	0.0117526
1	0.01	4	-0.000806208	9.43947e-05	0.0594927	0.0175891
1	0.01	5	-0.000728492	0.000102637	0.0696825	0.0152243
1	0.01	6	-0.000713294	8.66491e-05	0.0906836	0.0218915
1	0.01	7	-0.00068444	7.8929e-05	0.0778106	0.0222559
1	0.01	8	-0.000677603	6.93583e-05	0.0709337	0.0204871
1	0.01	9	-0.000720587	7.37785e-05	0.0746769	0.0183386
1	0.01	10	-0.00069966	6.93052e-05	0.0672738	0.0179724
1	0.01	11	-0.000701067	6.3019e-05	0.0667878	0.0163406
1	0.01	12	-0.000688541	5.89991e-05	0.0618856	0.0157144
1	0.01	13	-0.000711483	5.87523e-05	0.064068	0.0145783
1	0.01	14	-0.000697185	5.62686e-05	0.0595353	0.0142471
1	0.01	15	-0.00069953	5.25662e-05	0.0603612	0.0133171
1	0.01	16	-0.000690154	5.01099e-05	0.0570572	0.0129007
1	0.01	17	-0.000693318	4.72621e-05	0.059888	0.0124315
1	0.01	18	-0.000696762	4.47617e-05	0.0637033	0.0122824
1	0.01	19	-0.000693268	4.2542e-05	0.0615645	0.0118213
1	0.01	20	-0.000700623	4.10458e-05	0.0619276	0.011217
1	0.01	21	-0.000693487	3.97067e-05	0.0593585	0.010981
1	0.01	22	-0.000684138	3.8987e-05	0.0568136	0.0107844
1	0.01	23	-0.000676624	3.80092e-05	0.0543638	0.0105988
1	0.01	24	-0.000680161	3.65897e-05	0.054383	0.0101497
1	0.01	25	-0.000680869	3.5133e-05	0.0542392	0.00974349
1	0.01	26	-0.000677513	3.39417e-05	0.0536319	0.00939097
1	0.01	27	-0.000678713	3.27058e-05	0.0530585	0.00905612
1	0.01	28	-0.00067756	3.1558e-05	0.0536936	0.00875239
1	0.01	29	-0.000671828	3.09861e-05	0.0518572	0.00864657
1	0.01	30	-0.000669151	3.00687e-05	0.0506555	0.00844321
1	0.01	31	-0.000667899	2.91248e-05	0.0497636	0.00821777
1	0.01	32	-0.000678032	2.99254e-05	0.0529166	0.00853479
1	0.01	33	-0.000693466	3.27577e-05	0.055216	0.00854934
1	0.01	34	-0.000688108	3.22294e-05	0.0536076	0.00845322
1	0.01	35	-0.00069621	3.23109e-05	0.0554095	0.00839274
1	0.01	36	-0.000699584	3.1589e-05	0.0565648	0.00823491
1	0.01	37	-0.000699812	3.07361e-05	0.0560471	0.00802674
1	0.01	38	-0.000696895	3.00654e-05	0.0549648	0.0078905
1	0.01	39	-0.000699982	2.94524e-05	0.0581336	0.00827247
1	0.01	40	-0.000703946	2.89818e-05	0.0601802	0.00830755
1	0.01	41	-0.000701951	2.83435e-05	0.0595716	0.00812903
1	0.01	42	-0.000697412	2.80297e-05	0.058167	0.00805997
1	0.01	43	-0.000698072	2.73856e-05	0.0584483	0.00787681
1	0.01	44	-0.000705425	2.77328e-05	0.0615723	0.00828385
1	0.01	45	-0.000717191	2.9507e-05	0.0650561	0.00879141
1	0.01	46	-0.000713216	2.9132e-05	0.0643963	0.00862766
1	0.01	47	-0.000725304	3.09183e-05	0.0678289	0.00908995
1	0.01	48	-0.00073196	3.09824e-05	0.0691088	0.00898176
1	0.01	49	-0.000729848	3.0422e-05	0.0681563	0.00885043
1	0.01	50	-0.000732022	2.98911e-05	0.0681603	0.0086696
1	0.01	51	-0.000730192	2.9361e-05	0.0677605	0.00851051
1	0.01	52	-0.000727504	2.89191e-05	0.0679062	0.00834681
1	0.01	53	-0.000728134	2.83803e-05	0.0676384	0.00819211
1	0.01	54	-0.000728033	2.78549e-05	0.0672596	0.00804868
1	0.01	55	-0.000732291	2.7672e-05	0.068768	0.00803828
1	0.01	56	-0.000728345	2.74577e-05	0.067554	0.00798938
1	0.01	57	-0.000727866	2.69802e-05	0.067247	0.0078554
1	0.01	58	-0.000729148	2.65455e-05	0.0671735	0.00771823
1	0.01	59	-0.000725998	2.62819e-05	0.0670188	0.00758883
1	0.01	60	-0.000724372	2.58941e-05	0.0662753	0.00749969
1	0.01	61	-0.0007198	2.58701e-05	0.0661398	0.00737477
1	0.01	62	-0.000713194	2.62828e-05	0.0677217	0.00736841
1	0.01	63	-0.000711848	2.59e-05	0.0670021	0.00728704
1	0.01	64	-0.000709918	2.55671e-05	0.0661853	0.00722004
1	0.01	65	-0.000708096	2.52386e-05	0.0654119	0.00715141
1	0.01	66	-0.000706282	2.49213e-05	0.0646438	0.00708532
1	0.01	67	-0.000710766	2.49495e-05	0.0655207	0.00702918
1	0.01	68	-0.000716459	2.52237e-05	0.0675567	0.00720918
1	0.01	69	-0.000718377	2.4931e-05	0.0679079	0.00711148
1	0.01	70	-0.00072214	2.48571e-05	0.0681974	0.00700947
1	0.01	71	-0.000721949	2.45077e-05	0.067767	0.00692331
1	0.01	72	-0.000719024	2.43413e-05	0.0668358	0.00689176
1	0.01	73	-0.00072427	2.45667e-05	0.0674409	0.00681548
1	0.01	74	-0.000721881	2.43506e-05	0.0683111	0.00676714
1	0.01	75	-0.000728719	2.49675e-05	0.0704223	0.00699288
1	0.01	76	-0.000727661	2.46614e-05	0.0702321	0.00690425
1	0.01	77	-0.000728316	2.43498e-05	0.0701671	0.00681401
1	0.01	78	-0.000726048	2.4143e-05	0.069375	0.00677418
1	0.01	79	-0.000726112	2.38375e-05	0.0694414	0.00668869
1	0.01	80	-0.000725384	2.35506e-05	0.0689457	0.00662349
1	0.01	81	-0.000723246	2.33567e-05	0.0684954	0.0065585
1	0.01	82	-0.000723526	2.30736e-05	0.0682004	0.00648411
1	0.01	83	-0.000721452	2.28886e-05	0.0674795	0.00644739
1	0.01	84	-0.00071989	2.26693e-05	0.0668605	0.00640123
1	0.01	85	-0.000719754	2.2403e-05	0.0674018	0.00634685
1	0.01	86	-0.000720115	2.21454e-05	0.0671535	0.0062769
1	0.01	87	-0.000720049	2.1891e-05	0.0670817	0.0062052
1	0.01	88	-0.000722603	2.17907e-05	0.067248	0.00613318
1	0.01	89	-0.000721189	2.15918e-05	0.0669261	0.00607367
1	0.01	90	-0.000723214	2.14466e-05	0.0670006	0.00600366
1	0.01	91	-0.000721326	2.12939e-05	0.0663561	0.0059734
1	0.01	92	-0.000724088	2.12408e-05	0.0669153	0.00593238
1	0.01	93	-0.000719607	2.14799e-05	0.0666103	0.00587376
1	0.01	94	-0.000719818	2.12524e-05	0.0669067	0.00581821
1	0.01	95	-0.000718502	2.10694e-05	0.0666176	0.00576502
1	0.01	96	-0.000717577	2.08703e-05	0.0661618	0.00572331
1	0.01	97	-0.000718181	2.06639e-05	0.066141	0.00566369
1	0.01	98	-0.000716636	2.05107e-05	0.0656574	0.00562752
1	0.01	99	-0.000717567	2.03246e-05	0.0658804	0.00557446
1	0.01	100	-0.000719116	2.01804e-05	0.0664896	0.00555065
1	0.01	101	-0.000717607	2.00369e-05	0.066017	0.00551674
1	0.01	102	-0.000716745	1.9859e-05	0.0655939	0.00547918
1	0.01	103	-0.000715907	1.96839e-05	0.0651815	0.00544179
1	0.01	104	-0.000715837	1.94947e-05	0.0649167	0.00539551
1	0.01	105	-0.000715886	1.93091e-05	0.0653443	0.00535977
1	0.01	106	-0.000713956	1.92232e-05	0.0647342	0.00534498
1	0.01	107	-0.000714677	1.9057e-05	0.0654051	0.00533493
1	0.01	108	-0.000714097	1.88894e-05	0.0653164	0.00528659
1	0.01	109	-0.000715431	1.87631e-05	0.0654568	0.00523874
1	0.01	110	-0.000718541	1.88486e-05	0.0657872	0.00519751
1	0.01	111	-0.000716675	1.8771e-05	0.0652008	0.00518476
1	0.01	112	-0.000716246	1.86083e-05	0.0652217	0.00513862
1	0.01	113	-0.000719386	1.87065e-05	0.0657764	0.00512037
1	0.01	114	-0.00071756	1.86313e-05	0.0652055	0.00510824
1	0.01	115	-0.000717123	1.84744e-05	0.0648954	0.00507321
1	0.01	116	-0.000717572	1.83206e-05	0.0650145	0.00503061
1	0.01	117	-0.000716152	1.8219e-05	0.06453	0.00501166
1	0.01	118	-0.000716447	1.80669e-05	0.0648798	0.00498064
1	0.01	119	-0.00071542	1.79443e-05	0.0646672	0.00494388
1	0.01	120	-0.000716144	1.78094e-05	0.0646502	0.00490192
1	0.01	121	-0.000719012	1.78917e-05	0.0649749	0.00486877
1	0.01	122	-0.000717743	1.77901e-05	0.0645914	0.00484467
1	0.01	123	-0.000717669	1.76456e-05	0.0643724	0.00480995
1	0.01	124	-0.000715744	1.7608e-05	0.0639905	0.00478723
1	0.01	125	-0.000715672	1.74673e-05	0.063774	0.00475355
1	0.01	126	-0.00071405	1.74038e-05	0.0632732	0.00474301
1	0.01	127	-0.000714264	1.7268e-05	0.0631091	0.00470797
1	0.01	128	-0.000713917	1.71366e-05	0.0628545	0.00467805
1	0.01	129	-0.000714523	1.70145e-05	0.0629623	0.00464266
1	0.01	130	-0.000715703	1.69245e-05	0.0631641	0.00461056
1	0.01	131	-0.000715348	1.6799e-05	0.0629128	0.00458219
1	0.01	132	-0.000713802	1.67427e-05	0.0624413	0.0045725
1	0.01	133	-0.000719613	1.75964e-05	0.0634548	0.0046433
1	0.01	134	-0.000719681	1.74652e-05	0.06394	0.00463197
1	0.01	135	-0.000718138	1.74039e-05	0.0634716	0.00462213
1	0.01	136	-0.000718087	1.7276e-05	0.063289	0.00459152
1	0.01	137	-0.000716861	1.71933e-05	0.0628843	0.00457644
1	0.01	138	-0.000716008	1.70898e-05	0.0627122	0.00454696
1	0.01	139	-0.000714815	1.70085e-05	0.0623175	0.00453197
1	0.01	140	-0.000713634	1.69279e-05	0.0619266	0.00451702
1	0.01	141	-0.00071275	1.6831e-05	0.0615936	0.00449764
1	0.01	142	-0.000712453	1.67151e-05	0.0613764	0.00447121
1	0.01	143	-0.00071199	1.66046e-05	0.0611804	0.00444444
1	0.01	144	-0.000710866	1.65273e-05	0.0608098	0.00442956
1	0.01	145	-0.000710839	1.64133e-05	0.0609039	0.00439994
1	0.01	146	-0.000711397	1.63104e-05	0.0615186	0.0044103
1	0.01	147	-0.0007114	1.61994e-05	0.0613646	0.00438277
1	0.01	148	-0.000711674	1.60923e-05	0.0614144	0.00435329
1	0.01	149	-0.000709715	1.6103e-05	0.0612504	0.00432699
1	0.01	150	-0.000709836	1.59961e-05	0.0613153	0.00429855
1	0.01	151	-0.00071345	1.62935e-05	0.0621853	0.00435524
1	0.01	152	-0.000712376	1.62217e-05	0.0618276	0.00434178
1	0.01	153	-0.000712768	1.61204e-05	0.0619511	0.00431495
1	0.01	154	-0.000713181	1.6021e-05	0.0622141	0.0042945
1	0.01	155	-0.000714105	1.59442e-05	0.0623276	0.00426764
1	0.01	156	-0.000714813	1.58578e-05	0.0623056	0.00423955
1	0.01	157	-0.000714267	1.57662e-05	0.0620528	0.00422025
1	0.01	158	-0.000714804	1.56755e-05	0.0620487	0.00419306
1	0.01	159	-0.000714806	1.55769e-05	0.062201	0.00416923
1	0.01	160	-0.00071327	1.55551e-05	0.0621586	0.00414287
1	0.01	161	-0.000713582	1.54616e-05	0.0621195	0.00411702
1	0.01	162	-0.000712577	1.53988e-05	0.0617858	0.00410556
1	0.01	163	-0.000711342	1.53538e-05	0.0614108	0.00409807
1	0.01	164	-0.0007106	1.52781e-05	0.0611291	0.00408305
1	0.01	165	-0.000710362	1.51873e-05	0.0612967	0.00406134
1	0.01	166	-0.000709401	1.51262e-05	0.0609759	0.00404996
1	0.01	167	-0.000708855	1.50455e-05	0.0608247	0.0040288
1	0.01	168	-0.000708434	1.49618e-05	0.0607426	0.00400585
1	0.01	169	-0.000710685	1.50417e-05	0.0613353	0.00402466
1	0.01	170	-0.000709512	1.49989e-05	0.0609783	0.00401734
1	0.01	171	-0.00071026	1.49298e-05	0.0612477	0.00400245
1	0.01	172	-0.00070933	1.4872e-05	0.060937	0.00399164
1	0.01	173	-0.000708456	1.48117e-05	0.0611186	0.0039714
1	0.01	174	-0.000707152	1.47838e-05	0.0610008	0.00395041
1	0.01	175	-0.000706571	1.47108e-05	0.0607978	0.00393331
1	0.01	176	-0.000707528	1.46582e-05	0.0610942	0.00392163
1	0.01	177	-0.000709902	1.47664e-05	0.0615684	0.00392665
1	0.01	178	-0.000708838	1.47217e-05	0.0617038	0.00390564
1	0.01	179	-0.000707948	1.46664e-05	0.0614013	0.0038959
1	0.01	180	-0.000710751	1.48503e-05	0.0622271	0.00395942
1	0.01	181	-0.000710036	1.47854e-05	0.0620429	0.00394217
1	0.01	182	-0.000712438	1.4898e-05	0.0623887	0.00393363
1	0.01	183	-0.000712892	1.48236e-05	0.0629378	0.00394818
1	0.01	184	-0.000713091	1.47443e-05	0.0628432	0.00392753
1	0.01	185	-0.000712206	1.46911e-05	0.0625445	0.00391803
1	0.01	186	-0.000713547	1.46731e-05	0.0628137	0.00390548
1	0.01	187	-0.00071415	1.46071e-05	0.0627967	0.00388402
1	0.01	188	-0.000713072	1.45692e-05	0.0624662	0.00387788
1	0.01	189	-0.000712004	1.45312e-05	0.0621392	0.00387161
1	0.01	190	-0.00071071	1.45121e-05	0.0619753	0.00385498
1	0.01	191	-0.000711173	1.44435e-05	0.0619744	0.00383442
1	0.01	192	-0.000711233	1.43684e-05	0.0618995	0.00381507
1	0.01	193	-0.000710197	1.43313e-05	0.0615822	0.00380894
1	0.01	194	-0.00070957	1.42711e-05	0.0615361	0.00378973
1	0.01	195	-0.000709406	1.41989e-05	0.0615019	0.00377052
1	0.01	196	-0.000708395	1.41624e-05	0.0611914	0.0037645
1	0.01	197	-0.000709561	1.41383e-05	0.0614731	0.00375537
1	0.01	198	-0.000709742	1.40681e-05	0.0613853	0.00373715
1	0.01	199	-0.000709632	1.39979e-05	0.0612836	0.00371975
1	0.01	200	-0.000709038	1.39405e-05	0.0610556	0.00370834
1	0.02	1	-0.00117118	0	0.0143998	0
1	0.02	2	-0.000732943	0.00030988	0.0677108	0.0205868
1	0.02	3	-0.000792758	0.000212281	0.0632922	0.0133235
1	0.02	4	-0.000745455	0.000164397	0.0749648	0.0127769
1	0.02	5	-0.000841749	0.000157209	0.0749012	0.00927409
1	0.02	6	-0.00080691	0.000134813	0.0764699	0.00779182
1	0.02	7	-0.000838792	0.000119264	0.0702494	0.00764832
1	0.02	8	-0.00083683	0.000104372	0.0770055	0.00857082
1	0.02	9	-0.000823096	9.36747e-05	0.0782775	0.00767125
1	0.02	10	-0.000820536	8.43422e-05	0.076666	0.00704768
1	0.02	11	-0.00085103	8.20023e-05	0.0704459	0.00761666
1	0.02	12	-0.000878098	7.95105e-05	0.0679556	0.0069391
1	0.02	13	-0.000866338	7.42589e-05	0.0688898	0.00642842
1	0.02	14	-0.000860844	6.91576e-05	0.0686765	0.0059839
1	0.02	15	-0.00084063	6.74366e-05	0.0694485	0.00555087
1	0.02	16	-0.000841149	6.32238e-05	0.0670126	0.00558791
1	0.02	17	-0.000837232	5.9626e-05	0.0674583	0.0052713
1	0.02	18	-0.000845312	5.68583e-05	0.0668364	0.00495997
1	0.02	19	-0.000860162	5.57714e-05	0.065398	0.00469863
1	0.02	20	-0.000865199	5.32097e-05	0.0657798	0.00447039
1	0.02	21	-0.000870856	5.09758e-05	0.0646522	0.00431719
1	0.02	22	-0.000860074	4.9786e-05	0.0660785	0.0042141
1	0.02	23	-0.000870068	4.8614e-05	0.0638133	0.00432594
1	0.02	24	-0.000877243	4.7115e-05	0.0620758	0.00432135
1	0.02	25	-0.000880962	4.53769e-05	0.060663	0.00428693
1	0.02	26	-0.000888916	4.43232e-05	0.0595425	0.00416082
1	0.02	27	-0.00088953	4.26859e-05	0.0592284	0.00401377
1	0.02	28	-0.000891198	4.1194e-05	0.0600941	0.0039461
1	0.02	29	-0.000896065	4.00599e-05	0.0615077	0.0040251
1	0.02	30	-0.000898359	3.87902e-05	0.0608462	0.0039199
1	0.02	31	-0.000897041	3.75613e-05	0.0602495	0.00383415
1	0.02	32	-0.000896729	3.63888e-05	0.0602349	0.00371472
1	0.02	33	-0.00088433	3.73388e-05	0.0617039	0.0036834
1	0.02	34	-0.000880391	3.64478e-05	0.0616306	0.00357745
1	0.02	35	-0.000880253	3.54067e-05	0.0615367	0.00347642
1	0.02	36	-0.000886669	3.49997e-05	0.0602059	0.00349928
1	0.02	37	-0.000889713	3.41859e-05	0.0589894	0.00353612
1	0.02	38	-0.000890118	3.32887e-05	0.0587044	0.00345078
1	0.02	39	-0.000872906	3.66156e-05	0.0605063	0.0034494
1	0.02	40	-0.000873929	3.57145e-05	0.060093	0.00337793
1	0.02	41	-0.000862688	3.65697e-05	0.0610921	0.00331169
1	0.02	42	-0.000869583	3.63433e-05	0.0599006	0.00331902
1	0.02	43	-0.000874924	3.58883e-05	0.0588089	0.0033245
1	0.02	44	-0.000876195	3.50952e-05	0.0582753	0.00327513
1	0.02	45	-0.000878167	3.43707e-05	0.0575927	0.00324404
1	0.02	46	-0.000875684	3.37131e-05	0.0579923	0.00318639
1	0.02	47	-0.00087855	3.31173e-05	0.057072	0.00319564
1	0.02	48	-0.000877956	3.24327e-05	0.0570808	0.00312955
1	0.02	49	-0.000882071	3.20307e-05	0.0564871	0.00308157
1	0.02	50	-0.000883739	3.14336e-05	0.0557448	0.00307661
1	0.02	51	-0.000874228	3.22241e-05	0.0565708	0.00302362
1	0.02	52	-0.000874916	3.16118e-05	0.0566558	0.00296594
1	0.02	53	-0.000879737	3.13808e-05	0.0556494	0.00299057
1	0.02	54	-0.000876546	3.09615e-05	0.0558156	0.00293448
1	0.02	55	-0.000877116	3.04038e-05	0.0554656	0.00289493
1	0.02	56	-0.000877825	2.98692e-05	0.0550565	0.00286229
1	0.02	57	-0.000876426	2.93779e-05	0.0548646	0.00281972
1	0.02	58	-0.000877077	2.88786e-05	0.0546631	0.00277483
1	0.02	59	-0.000877841	2.83992e-05	0.0543371	0.0027396
1	0.02	60	-0.000881208	2.81248e-05	0.0539359	0.0026981
1	0.02	61	-0.000880012	2.76891e-05	0.053728	0.00266258
1	0.02	62	-0.00087341	2.80184e-05	0.0545527	0.00266109
1	0.02	63	-0.000876403	2.77331e-05	0.0541099	0.00262991
1	0.02	64	-0.000874527	2.73631e-05	0.0547479	0.00263812
1	0.02	65	-0.000876645	2.7024e-05	0.0544074	0.00260472
1	0.02	66	-0.000878602	2.66853e-05	0.0550194	0.00262691
1	0.02	67	-0.000878839	2.62881e-05	0.0549696	0.00258774
1	0.02	68	-0.000881621	2.60483e-05	0.0542884	0.00259665
1	0.02	69	-0.000882134	2.56758e-05	0.0543297	0.00255891
1	0.02	70	-0.000885985	2.55962e-05	0.0537687	0.00254127
1	0.02	71	-0.000888015	2.53161e-05	0.0537481	0.00250168
1	0.02	72	-0.000890089	2.50493e-05	0.053247	0.00249262
1	0.02	73	-0.000890782	2.47157e-05	0.0528105	0.0024844
1	0.02	74	-0.000893456	2.4526e-05	0.0524703	0.00245516
1	0.02	75	-0.000890149	2.44209e-05	0.0528271	0.00242922
1	0.02	76	-0.000891093	2.41178e-05	0.0525422	0.00240651
1	0.02	77	-0.000892405	2.38402e-05	0.052367	0.0023762
1	0.02	78	-0.000893053	2.35434e-05	0.0523355	0.002345
1	0.02	79	-0.000894778	2.33085e-05	0.0520007	0.00232545
1	0.02	80	-0.000897194	2.3142e-05	0.0514147	0.00233464
1	0.02	81	-0.000895738	2.29021e-05	0.0514856	0.0023057
1	0.02	82	-0.000898701	2.28136e-05	0.0511524	0.00227991
1	0.02	83	-0.000897401	2.25758e-05	0.0512808	0.00225369
1	0.02	84	-0.000897435	2.2307e-05	0.0511031	0.00223217
1	0.02	85	-0.000894732	2.22078e-05	0.0514712	0.00221748
1	0.02	86	-0.000896437	2.20149e-05	0.051315	0.00219051
1	0.02	87	-0.000899489	2.19724e-05	0.0511021	0.00215962
1	0.02	88	-0.000895928	2.20092e-05	0.0514835	0.00214281
1	0.02	89	-0.000897594	2.18249e-05	0.0510821	0.00213788
1	0.02	90	-0.000897539	2.15825e-05	0.0509026	0.00212006
1	0.02	91	-0.00089628	2.1382e-05	0.0513186	0.00212252
1	0.02	92	-0.000893805	2.12923e-05	0.05146	0.00209784
1	0.02	93	-0.000895341	2.11187e-05	0.0513032	0.0020749
1	0.02	94	-0.000894741	2.09025e-05	0.0514155	0.00205465
1	0.02	95	-0.000897076	2.08125e-05	0.0512242	0.00203045
1	0.02	96	-0.000895726	2.06394e-05	0.0513231	0.00200959
1	0.02	97	-0.00089358	2.05379e-05	0.0515115	0.00199006
1	0.02	98	-0.000889934	2.06494e-05	0.0519478	0.00198372
1	0.02	99	-0.000880913	2.23244e-05	0.0531258	0.00207284
1	0.02	100	-0.000883697	2.2274e-05	0.0526738	0.00207037
1	0.02	101	-0.000886177	2.21912e-05	0.0523727	0.00205373
1	0.02	102	-0.000884694	2.20232e-05	0.0524922	0.00203432
1	0.02	103	-0.000887402	2.19751e-05	0.0520269	0.00203564
1	0.02	104	-0.000885364	2.18581e-05	0.0522644	0.00202072
1	0.02	105	-0.000883433	2.17351e-05	0.0523804	0.00200106
1	0.02	106	-0.000881092	2.16558e-05	0.0525061	0.00198084
1	0.02	107	-0.000878042	2.1667e-05	0.0527537	0.00196322
1	0.02	108	-0.000876273	2.15385e-05	0.0530175	0.00195297
1	0.02	109	-0.00087812	2.142e-05	0.0525797	0.0019601
1	0.02	110	-0.000879482	2.12685e-05	0.052517	0.00194019
1	0.02	111	-0.000879483	2.10769e-05	0.0523873	0.001926
1	0.02	112	-0.000879641	2.08893e-05	0.0522213	0.00191382
1	0.02	113	-0.000879716	2.07046e-05	0.0521565	0.00189761
1	0.02	114	-0.00087748	2.06433e-05	0.0524546	0.00188993
1	0.02	115	-0.000876112	2.05091e-05	0.0525501	0.00187375
1	0.02	116	-0.000875798	2.03347e-05	0.0526253	0.00185863
1	0.02	117	-0.000876351	2.01684e-05	0.0523932	0.00185171
1	0.02	118	-0.000878168	2.00792e-05	0.0520898	0.00184542
1	0.02	119	-0.000879248	1.99395e-05	0.0518561	0.00183682
1	0.02	120	-0.000880957	1.98464e-05	0.0515656	0.00183033
1	0.02	121	-0.000880865	1.96826e-05	0.0517649	0.00182328
1	0.02	122	-0.000882406	1.95815e-05	0.0514089	0.0018258
1	0.02	123	-0.000882198	1.94234e-05	0.0516424	0.00182185
1	0.02	124	-0.000882103	1.9267e-05	0.0516146	0.0018074
1	0.02	125	-0.000883181	1.9143e-05	0.0513716	0.00180087
1	0.02	126	-0.000884456	1.90335e-05	0.0510802	0.00179827
1	0.02	127	-0.000885255	1.89004e-05	0.0509243	0.00178687
1	0.02	128	-0.000885724	1.87585e-05	0.0507643	0.00177704
1	0.02	129	-0.000888302	1.87894e-05	0.0504949	0.00176469
1	0.02	130	-0.000889334	1.86732e-05	0.050427	0.00174997
1	0.02	131	-0.000889104	1.85321e-05	0.0503917	0.00173709
1	0.02	132	-0.000886756	1.85398e-05	0.0506815	0.00173178
1	0.02	133	-0.000886731	1.84005e-05	0.0505508	0.00172257
1	0.02	134	-0.00088908	1.84125e-05	0.0502189	0.0017193
1	0.02	135	-0.000888941	1.82766e-05	0.0502166	0.00170664
1	0.02	136	-0.000890275	1.81908e-05	0.0502296	0.00169248
1	0.02	137	-0.000891015	1.80731e-05	0.050094	0.00168217
1	0.02	138	-0.000892543	1.80066e-05	0.0500133	0.00166749
1	0.02	139	-0.000893559	1.79057e-05	0.0498033	0.00166145
1	0.02	140	-0.000890862	1.79797e-05	0.0503672	0.00169843
1	0.02	141	-0.000891583	1.78667e-05	0.0501613	0.00169321
1	0.02	142	-0.000893595	1.78538e-05	0.0499546	0.00168174
1	0.02	143	-0.000890986	1.79186e-05	0.050365	0.00169113
1	0.02	144	-0.000891198	1.77954e-05	0.0502474	0.00168202
1	0.02	145	-0.000892468	1.77179e-05	0.0499595	0.0016826
1	0.02	146	-0.00089362	1.7634e-05	0.0496979	0.00168108
1	0.02	147	-0.000892753	1.75354e-05	0.0498663	0.00167417
1	0.02	148	-0.000893996	1.74609e-05	0.0497015	0.00166462
1	0.02	149	-0.000892739	1.73889e-05	0.0498517	0.00165579
1	0.02	150	-0.000892685	1.72731e-05	0.0498683	0.00164483
1	0.02	151	-0.000893864	1.71988e-05	0.0499146	0.00163361
1	0.02	152	-0.000893189	1.70989e-05	0.0501252	0.00163137
1	0.02	153	-0.00089074	1.71617e-05	0.0503278	0.00162099
1	0.02	154	-0.000891727	1.70786e-05	0.050103	0.00161812
1	0.02	155	-0.000892582	1.69898e-05	0.0498766	0.00161614
1	0.02	156	-0.000893527	1.69072e-05	0.0496528	0.00161357
1	0.02	157	-0.000893213	1.68024e-05	0.0496621	0.00160338
1	0.02	158	-0.00089334	1.66965e-05	0.0496526	0.00159315
1	0.02	159	-0.000891182	1.67304e-05	0.0500177	0.00160205
1	0.02	160	-0.000890398	1.66441e-05	0.0501084	0.00159303
1	0.02	161	-0.000887454	1.67992e-05	0.050761	0.00165312
1	0.02	162	-0.000886154	1.67457e-05	0.0508175	0.00164225
1	0.02	163	-0.000887293	1.66817e-05	0.0507899	0.00163044
1	0.02	164	-0.000885207	1.67098e-05	0.0509255	0.00161919
1	0.02	165	-0.000881659	1.69811e-05	0.0514359	0.00163968
1	0.02	166	-0.000883329	1.69607e-05	0.0511735	0.00163724
1	0.02	167	-0.000884055	1.68747e-05	0.0510183	0.0016308
1	0.02	168	-0.000884353	1.67769e-05	0.0508957	0.00162392
1	0.02	169	-0.000885182	1.66981e-05	0.0508324	0.00161363
1	0.02	170	-0.000886465	1.66491e-05	0.0505924	0.00161178
1	0.02	171	-0.000887813	1.66062e-05	0.0504072	0.00160512
1	0.02	172	-0.000889192	1.65668e-05	0.0502933	0.00159468
1	0.02	173	-0.000889733	1.64799e-05	0.0502481	0.00158512
1	0.02	174	-0.000889675	1.63853e-05	0.0504565	0.00158636
1	0.02	175	-0.000889444	1.62933e-05	0.050413	0.00157798
1	0.02	176	-0.000889395	1.62008e-05	0.0503125	0.00157157
1	0.02	177	-0.000888737	1.61226e-05	0.0504097	0.00156414
1	0.02	178	-0.000888045	1.60469e-05	0.0505179	0.00155719
1	0.02	179	-0.000888029	1.59572e-05	0.0504786	0.00154889
1	0.02	180	-0.000888974	1.58965e-05	0.0503445	0.0015418
1	0.02	181	-0.000887183	1.59093e-05	0.050739	0.0015603
1	0.02	182	-0.00088627	1.5848e-05	0.050795	0.00155166
1	0.02	183	-0.000887579	1.58154e-05	0.0505883	0.001548
1	0.02	184	-0.000885939	1.58142e-05	0.0508656	0.00155105
1	0.02	185	-0.000885331	1.57404e-05	0.050936	0.00154334
1	0.02	186	-0.000886375	1.56903e-05	0.0507468	0.0015398
1	0.02	187	-0.000886597	1.5608e-05	0.0507618	0.00153152
1	0.02	188	-0.000886174	1.55307e-05	0.0507528	0.00152354
1	0.02	189	-0.000885027	1.54908e-05	0.0508369	0.00151548
1	0.02	190	-0.000885327	1.54122e-05	0.0507883	0.00150767
1	0.02	191	-0.000884069	1.53828e-05	0.0510179	0.00150844
1	0.02	192	-0.00088429	1.53042e-05	0.0509458	0.00150154
1	0.02	193	-0.000885	1.52414e-05	0.0507984	0.00149705
1	0.02	194	-0.000885198	1.51641e-05	0.0508226	0.00148943
1	0.02	195	-0.000884264	1.51151e-05	0.0509661	0.00148493
1	0.02	196	-0.000883753	1.50466e-05	0.051011	0.00147759
1	0.02	197	-0.000882201	1.50502e-05	0.0510724	0.00146862
1	0.02	198	-0.000882674	1.49816e-05	0.0509727	0.00146269
1	0.02	199	-0.000882772	1.49066e-05	0.0509254	0.00145581
1	0.02	200	-0.000883031	1.48343e-05	0.0509477	0.00144857
1	0.03	1	-0.00037606	0	0.110891	0
1	0.03	2	-0.000715453	0.000239987	0.0786893	0.0128521
1	0.03	3	-0.000794672	0.000172572	0.0674146	0.00998374
1	0.03	4	-0.0005781	0.000227881	0.09108	0.015249
1	0.03	5	-0.000573698	0.000182347	0.0891367	0.0123293
1	0.03	6	-0.000467678	0.000180159	0.0970631	0.0115082
1	0.03	7	-0.000379617	0.000174623	0.10651	0.0122352
1	0.03	8	-0.000333836	0.000158683	0.112379	0.0118221
1	0.03	9	-0.000341586	0.00014124	0.112532	0.0104727
1	0.03	10	-0.000365225	0.000129079	0.110649	0.00941042
1	0.03	11	-0.000402126	0.000122506	0.107897	0.00858114
1	0.03	12	-0.000422797	0.000114028	0.10641	0.00783719
1	0.03	13	-0.000458886	0.00011082	0.10359	0.00730236
1	0.03	14	-0.00047572	0.000104175	0.100203	0.00723331
1	0.03	15	-0.000467634	9.75437e-05	0.0992931	0.00683233
1	0.03	16	-0.000484203	9.28438e-05	0.0971912	0.00653497
1	0.03	17	-0.000515131	9.23904e-05	0.0943169	0.00631977
1	0.03	18	-0.000505177	8.77922e-05	0.0962814	0.0061907
1	0.03	19	-0.000495428	8.37111e-05	0.0968005	0.00589112
1	0.03	20	-0.000480655	8.08185e-05	0.0978573	0.00566098
1	0.03	21	-0.000493531	7.79889e-05	0.0969749	0.0053754
1	0.03	22	-0.000499591	7.4679e-05	0.096842	0.00511253
1	0.03	23	-0.000475106	7.5339e-05	0.0984207	0.00499707
1	0.03	24	-0.000453063	7.53558e-05	0.102251	0.00571264
1	0.03	25	-0.000436466	7.41468e-05	0.103076	0.00552251
1	0.03	26	-0.000449588	7.24469e-05	0.102006	0.00532096
1	0.03	27	-0.000424415	7.40082e-05	0.105897	0.00603088
1	0.03	28	-0.000446026	7.44537e-05	0.104111	0.00587273
1	0.03	29	-0.000445597	7.18875e-05	0.103717	0.00568271
1	0.03	30	-0.00044283	6.95445e-05	0.104556	0.00554601
1	0.03	31	-0.000409009	7.50763e-05	0.108067	0.00600674
1	0.03	32	-0.000414561	7.29352e-05	0.107597	0.00581415
1	0.03	33	-0.00038378	7.69467e-05	0.110845	0.00620124
1	0.03	34	-0.000359103	7.85411e-05	0.112662	0.00619249
1	0.03	35	-0.000346699	7.72703e-05	0.113697	0.0060912
1	0.03	36	-0.000351373	7.52652e-05	0.113359	0.0059147
1	0.03	37	-0.000369203	7.53134e-05	0.111937	0.00579409
1	0.03	38	-0.000361118	7.37642e-05	0.112451	0.00566887
1	0.03	39	-0.000348067	7.30182e-05	0.113679	0.00562915
1	0.03	40	-0.000334205	7.24966e-05	0.114915	0.00559618
1	0.03	41	-0.000328821	7.0928e-05	0.115648	0.00550558
1	0.03	42	-0.000323502	6.94384e-05	0.11586	0.00538636
1	0.03	43	-0.000324364	6.78289e-05	0.115952	0.00525996
1	0.03	44	-0.000324009	6.62883e-05	0.117276	0.00528503
1	0.03	45	-0.000325561	6.48334e-05	0.116925	0.00517344
1	0.03	46	-0.000313683	6.45028e-05	0.118232	0.00519268
1	0.03	47	-0.000319343	6.33782e-05	0.11745	0.00511238
1	0.03	48	-0.000333015	6.35155e-05	0.116225	0.00506211
1	0.03	49	-0.000321324	6.32861e-05	0.116799	0.00498891
1	0.03	50	-0.000339554	6.45926e-05	0.115263	0.0049798
1	0.03	51	-0.000334469	6.35259e-05	0.115547	0.00489509
1	0.03	52	-0.000328518	6.25823e-05	0.115651	0.00481024
1	0.03	53	-0.00033507	6.17435e-05	0.114978	0.00473545
1	0.03	54	-0.000338181	6.06785e-05	0.114451	0.00466308
1	0.03	55	-0.000333256	5.97748e-05	0.114557	0.00458598
1	0.03	56	-0.000324343	5.93682e-05	0.115598	0.00459868
1	0.03	57	-0.000322241	5.83638e-05	0.115594	0.00452169
1	0.03	58	-0.000333329	5.84011e-05	0.114779	0.00445842
1	0.03	59	-0.000336425	5.74933e-05	0.114644	0.00437712
1	0.03	60	-0.00033934	5.66089e-05	0.114574	0.00429809
1	0.03	61	-0.00035048	5.67664e-05	0.11364	0.00426053
1	0.03	62	-0.000342327	5.64333e-05	0.114288	0.00423145
1	0.03	63	-0.000343133	5.55433e-05	0.114258	0.0041628
1	0.03	64	-0.000341084	5.47133e-05	0.114259	0.00410106
1	0.03	65	-0.000338382	5.39382e-05	0.114353	0.00404243
1	0.03	66	-0.000333444	5.33465e-05	0.114714	0.00399739
1	0.03	67	-0.000341578	5.31667e-05	0.114096	0.00394713
1	0.03	68	-0.000336217	5.26545e-05	0.114353	0.00389961
1	0.03	69	-0.000341832	5.21898e-05	0.113827	0.00385411
1	0.03	70	-0.000349827	5.20532e-05	0.113343	0.00379603
1	0.03	71	-0.000349577	5.13206e-05	0.113211	0.00374505
1	0.03	72	-0.000346596	5.06943e-05	0.113798	0.00373224
1	0.03	73	-0.000355513	5.0778e-05	0.113197	0.00368618
1	0.03	74	-0.000354087	5.01118e-05	0.113175	0.00363865
1	0.03	75	-0.000363367	5.02956e-05	0.112322	0.00363002
1	0.03	76	-0.000370883	5.01923e-05	0.11165	0.0036031
1	0.03	77	-0.000377503	4.99751e-05	0.111075	0.00356899
1	0.03	78	-0.000386722	5.01775e-05	0.110138	0.0035775
1	0.03	79	-0.000390184	4.96617e-05	0.109682	0.00354519
1	0.03	80	-0.000386416	4.91837e-05	0.109955	0.00351119
1	0.03	81	-0.000388259	4.8611e-05	0.110335	0.00348406
1	0.03	82	-0.000385034	4.8125e-05	0.110447	0.00344592
1	0.03	83	-0.000386892	4.75811e-05	0.1102	0.00340719
1	0.03	84	-0.000391379	4.72257e-05	0.109586	0.00339556
1	0.03	85	-0.000392685	4.66882e-05	0.109587	0.00335343
1	0.03	86	-0.00038474	4.68164e-05	0.110676	0.00343938
1	0.03	87	-0.000389542	4.6524e-05	0.110223	0.00340844
1	0.03	88	-0.000384243	4.62961e-05	0.110835	0.00341082
1	0.03	89	-0.00038508	4.57835e-05	0.110596	0.00337765
1	0.03	90	-0.000385121	4.52748e-05	0.110805	0.00334561
1	0.03	91	-0.000388011	4.48695e-05	0.110659	0.00330495
1	0.03	92	-0.000391211	4.44958e-05	0.110195	0.00328599
1	0.03	93	-0.000383601	4.46634e-05	0.110934	0.00330665
1	0.03	94	-0.000380977	4.42653e-05	0.111173	0.00327981
1	0.03	95	-0.000380836	4.37995e-05	0.111009	0.00324905
1	0.03	96	-0.000383395	4.3418e-05	0.110759	0.00321692
1	0.03	97	-0.000377915	4.33149e-05	0.111831	0.00331884
1	0.03	98	-0.000379463	4.29006e-05	0.111686	0.00328451
1	0.03	99	-0.000381245	4.25042e-05	0.111393	0.00325795
1	0.03	100	-0.000386568	4.24111e-05	0.110858	0.00324264
1	0.03	101	-0.000382181	4.22175e-05	0.111252	0.00322891
1	0.03	102	-0.000380148	4.18525e-05	0.111465	0.00320409
1	0.03	103	-0.000379525	4.14508e-05	0.111549	0.00317456
1	0.03	104	-0.000379004	4.10555e-05	0.111489	0.00314529
1	0.03	105	-0.000382872	4.08463e-05	0.110958	0.00313967
1	0.03	106	-0.000381601	4.04807e-05	0.110905	0.00311215
1	0.03	107	-0.000384276	4.01907e-05	0.110469	0.00310073
1	0.03	108	-0.000389531	4.01606e-05	0.109989	0.00308441
1	0.03	109	-0.00039035	3.98005e-05	0.109823	0.00305829
1	0.03	110	-0.000383084	4.00965e-05	0.110468	0.00307418
1	0.03	111	-0.000385749	3.98238e-05	0.110297	0.0030445
1	0.03	112	-0.000383742	3.95188e-05	0.110393	0.00301997
1	0.03	113	-0.000378134	3.9565e-05	0.110767	0.00300864
1	0.03	114	-0.000382107	3.94169e-05	0.110458	0.00298426
1	0.03	115	-0.000385669	3.92347e-05	0.110055	0.00297012
1	0.03	116	-0.000390512	3.91943e-05	0.10969	0.00294775
1	0.03	117	-0.000392987	3.89374e-05	0.109548	0.00292017
1	0.03	118	-0.000389598	3.87546e-05	0.109639	0.00289816
1	0.03	119	-0.000394276	3.87103e-05	0.10917	0.00288878
1	0.03	120	-0.000391955	3.84572e-05	0.109257	0.0028672
1	0.03	121	-0.000385397	3.86945e-05	0.110306	0.00298059
1	0.03	122	-0.000382856	3.84606e-05	0.110487	0.00296149
1	0.03	123	-0.000380586	3.82149e-05	0.110749	0.00294733
1	0.03	124	-0.000380301	3.79078e-05	0.110743	0.00292392
1	0.03	125	-0.000385696	3.79865e-05	0.110299	0.00290977
1	0.03	126	-0.000379179	3.824e-05	0.110797	0.00291319
1	0.03	127	-0.000386142	3.85676e-05	0.110217	0.00290924
1	0.03	128	-0.000385746	3.82683e-05	0.110302	0.00288794
1	0.03	129	-0.000385116	3.79768e-05	0.110501	0.00287168
1	0.03	130	-0.000390761	3.81019e-05	0.110074	0.00285615
1	0.03	131	-0.000395818	3.81452e-05	0.109596	0.00284904
1	0.03	132	-0.000389349	3.84009e-05	0.110142	0.00286033
1	0.03	133	-0.000384845	3.83754e-05	0.110605	0.00286565
1	0.03	134	-0.00038624	3.81144e-05	0.110595	0.00284221
1	0.03	135	-0.000380528	3.82577e-05	0.111048	0.00284467
1	0.03	136	-0.000383629	3.81019e-05	0.110674	0.00283509
1	0.03	137	-0.000379656	3.80303e-05	0.110849	0.00281911
1	0.03	138	-0.0003832	3.79195e-05	0.110448	0.00281156
1	0.03	139	-0.000385269	3.77031e-05	0.110192	0.00279612
1	0.03	140	-0.000383723	3.74655e-05	0.110301	0.00277888
1	0.03	141	-0.000382656	3.7215e-05	0.110357	0.00276056
1	0.03	142	-0.000382527	3.69531e-05	0.110351	0.00274128
1	0.03	143	-0.000383925	3.67212e-05	0.110195	0.00272308
1	0.03	144	-0.000384877	3.64785e-05	0.110025	0.00270678
1	0.03	145	-0.00037913	3.66768e-05	0.110562	0.00272325
1	0.03	146	-0.000382506	3.65807e-05	0.110224	0.00271235
1	0.03	147	-0.000383317	3.63408e-05	0.110279	0.00269349
1	0.03	148	-0.000383677	3.60971e-05	0.110251	0.00267494
1	0.03	149	-0.000386699	3.59811e-05	0.109951	0.00266278
1	0.03	150	-0.000388746	3.57994e-05	0.109862	0.00264252
1	0.03	151	-0.000389596	3.55724e-05	0.109797	0.00262438
1	0.03	152	-0.00039386	3.5593e-05	0.1093	0.00263057
1	0.03	153	-0.000392851	3.53747e-05	0.109502	0.00262017
1	0.03	154	-0.000394691	3.51928e-05	0.109286	0.00260645
1	0.03	155	-0.000394371	3.49672e-05	0.109335	0.00259032
1	0.03	156	-0.000398567	3.49939e-05	0.108889	0.00259069
1	0.03	157	-0.000398732	3.47714e-05	0.108855	0.00257416
1	0.03	158	-0.000399256	3.45553e-05	0.108749	0.00255888
1	0.03	159	-0.000400526	3.43613e-05	0.108539	0.0025472
1	0.03	160	-0.000397416	3.4287e-05	0.108707	0.00253563
1	0.03	161	-0.000398128	3.40815e-05	0.108762	0.00251969
1	0.03	162	-0.00039379	3.41461e-05	0.109162	0.00252527
1	0.03	163	-0.000394225	3.39393e-05	0.109137	0.00250932
1	0.03	164	-0.000389578	3.40491e-05	0.109694	0.00253672
1	0.03	165	-0.000382874	3.44965e-05	0.110232	0.00255495
1	0.03	166	-0.000377796	3.46603e-05	0.110583	0.00255445
1	0.03	167	-0.000374576	3.4602e-05	0.110886	0.0025526
1	0.03	168	-0.000371488	3.45336e-05	0.111219	0.00255375
1	0.03	169	-0.000374791	3.44869e-05	0.110845	0.00255164
1	0.03	170	-0.000374326	3.42871e-05	0.110863	0.00253714
1	0.03	171	-0.000375584	3.41097e-05	0.110706	0.00252399
1	0.03	172	-0.000377228	3.3951e-05	0.110514	0.00251201
1	0.03	173	-0.000379576	3.38358e-05	0.11022	0.0025058
1	0.03	174	-0.000382427	3.37613e-05	0.109986	0.00249347
1	0.03	175	-0.000380588	3.36185e-05	0.1101	0.00248203
1	0.03	176	-0.00038257	3.34858e-05	0.109852	0.00247354
1	0.03	177	-0.000383385	3.33066e-05	0.109822	0.00245862
1	0.03	178	-0.000376607	3.38021e-05	0.110469	0.00249817
1	0.03	179	-0.000378322	3.36568e-05	0.110348	0.00248348
1	0.03	180	-0.000378833	3.34737e-05	0.110233	0.00247112
1	0.03	181	-0.000376517	3.33688e-05	0.110383	0.00246154
1	0.03	182	-0.000375634	3.31971e-05	0.110312	0.00244997
1	0.03	183	-0.000375963	3.30173e-05	0.110377	0.00243703
1	0.03	184	-0.000377717	3.28844e-05	0.110196	0.00242577
1	0.03	185	-0.000380306	3.28085e-05	0.110017	0.00241243
1	0.03	186	-0.000380637	3.26337e-05	0.109934	0.00240018
1	0.03	187	-0.000383577	3.25914e-05	0.109678	0.00239111
1	0.03	188	-0.000387571	3.26618e-05	0.109337	0.00238607
1	0.03	189	-0.00038649	3.25069e-05	0.109388	0.00237462
1	0.03	190	-0.000388376	3.23905e-05	0.109144	0.0023681
1	0.03	191	-0.000389521	3.22412e-05	0.108942	0.00236055
1	0.03	192	-0.000390437	3.20863e-05	0.108892	0.00234739
1	0.03	193	-0.000392397	3.19798e-05	0.10875	0.00233489
1	0.03	194	-0.000396144	3.20337e-05	0.108432	0.0023293
1	0.03	195	-0.000395262	3.18816e-05	0.108484	0.00231842
1	0.03	196	-0.000399219	3.19636e-05	0.108142	0.00231469
1	0.03	197	-0.000402539	3.19733e-05	0.108035	0.00229795
1	0.03	198	-0.000402103	3.18148e-05	0.108016	0.00228687
1	0.03	199	-0.000396172	3.22031e-05	0.108962	0.0024104
1	0.03	200	-0.000397544	3.20713e-05	0.10882	0.00239926
1	0.04	1	0.00138538	0	0.225003	0
1	0.04	2	0.00126288	8.66166e-05	0.240131	0.0105232
1	0.04	3	0.000778475	0.000399712	0.221082	0.0393474
1	0.04	4	0.000785498	0.000299845	0.217909	0.0297342
1	0.04	5	0.00071718	0.000247537	0.212644	0.0244943
1	0.04	6	0.000686214	0.000208208	0.213549	0.0202469
1	0.04	7	0.000808657	0.000211424	0.223634	0.0236224
1	0.04	8	0.000762735	0.000189918	0.221337	0.0208466
1	0.04	9	0.000709112	0.000176223	0.217641	0.0191589
1	0.04	10	0.000705504	0.000158638	0.216681	0.0172613
1	0.04	11	0.000761301	0.000153716	0.217538	0.0163692
1	0.04	12	0.000908363	0.000199197	0.23594	0.0302807
1	0.04	13	0.000877822	0.000186201	0.231661	0.0283772
1	0.04	14	0.000819675	0.000181753	0.22653	0.0272258
1	0.04	15	0.000798267	0.000170892	0.223756	0.0255729
1	0.04	16	0.000813224	0.000160865	0.225259	0.0241557
1	0.04	17	0.000797442	0.000152174	0.224749	0.0226982
1	0.04	18	0.00085946	0.000155846	0.233153	0.0246069
1	0.04	19	0.000870737	0.000148051	0.234442	0.0234418
1	0.04	20	0.000846299	0.000142651	0.232661	0.0223705
1	0.04	21	0.000880561	0.000139912	0.233094	0.021628
1	0.04	22	0.000878812	0.000133564	0.231773	0.020691
1	0.04	23	0.000877981	0.000127759	0.231194	0.0197987
1	0.04	24	0.000855255	0.000124441	0.229378	0.0191256
1	0.04	25	0.000854696	0.000119464	0.229026	0.0183627
1	0.04	26	0.000874304	0.000116467	0.232072	0.0182017
1	0.04	27	0.00086268	0.000112732	0.230822	0.0175849
1	0.04	28	0.000809048	0.000120792	0.229301	0.0173935
1	0.04	29	0.000803017	0.000116777	0.227691	0.0168845
1	0.04	30	0.000765198	0.000118851	0.225456	0.0166985
1	0.04	31	0.000750045	0.000115979	0.223586	0.0163089
1	0.04	32	0.000758922	0.000112694	0.225741	0.0160481
1	0.04	33	0.000769231	0.00010975	0.227056	0.0157037
1	0.04	34	0.000757277	0.000107171	0.22688	0.015225
1	0.04	35	0.000739697	0.000105541	0.226758	0.0147769
1	0.04	36	0.000746591	0.000102834	0.227076	0.0144048
1	0.04	37	0.000750378	0.000100124	0.226901	0.0140299
1	0.04	38	0.000728087	9.994e-05	0.225704	0.0137777
1	0.04	39	0.000714291	9.8325e-05	0.225166	0.0134353
1	0.04	40	0.000700836	9.67831e-05	0.224125	0.01316
1	0.04	41	0.000702761	9.44416e-05	0.223074	0.0128917
1	0.04	42	0.000716747	9.32229e-05	0.223246	0.0126627
1	0.04	43	0.000718831	9.10782e-05	0.222566	0.012394
1	0.04	44	0.000743303	9.22376e-05	0.223622	0.0123931
1	0.04	45	0.000742757	9.01895e-05	0.222422	0.0121884
1	0.04	46	0.00073176	8.88968e-05	0.221718	0.0119546
1	0.04	47	0.000721126	8.7639e-05	0.220744	0.0117612
1	0.04	48	0.000707414	8.68794e-05	0.219493	0.0116291
1	0.04	49	0.000711918	8.5223e-05	0.220675	0.0114928
1	0.04	50	0.000711868	8.35186e-05	0.219879	0.0112961
1	0.04	51	0.000697702	8.30737e-05	0.218869	0.011159
1	0.04	52	0.000699132	8.14884e-05	0.219033	0.0109506
1	0.04	53	0.000711814	8.09317e-05	0.219447	0.0108277
1	0.04	54	0.000712014	7.94332e-05	0.22052	0.0106924
1	0.04	55	0.000714192	7.80188e-05	0.220906	0.010515
1	0.04	56	0.000697743	7.83403e-05	0.220294	0.0103816
1	0.04	57	0.000692505	7.71409e-05	0.22045	0.0101903
1	0.04	58	0.000692368	7.5811e-05	0.22052	0.0100146
1	0.04	59	0.000680706	7.54178e-05	0.219121	0.0100008
1	0.04	60	0.000677078	7.4248e-05	0.218597	0.00984926
1	0.04	61	0.000679029	7.30565e-05	0.21853	0.00969307
1	0.04	62	0.000684041	7.20499e-05	0.219963	0.00969895
1	0.04	63	0.000691544	7.12958e-05	0.220099	0.00957701
1	0.04	64	0.000688904	7.02306e-05	0.22059	0.00943411
1	0.04	65	0.000675159	7.04825e-05	0.219391	0.0094306
1	0.04	66	0.000663849	7.03161e-05	0.217765	0.00950143
1	0.04	67	0.000664697	6.92717e-05	0.217392	0.00936955
1	0.04	68	0.000656977	6.86818e-05	0.216889	0.00925224
1	0.04	69	0.000636138	7.07774e-05	0.215806	0.00928444
1	0.04	70	0.000652582	7.16512e-05	0.216613	0.00931449
1	0.04	71	0.000654482	7.06672e-05	0.217006	0.00920031
1	0.04	72	0.000661969	7.00812e-05	0.217905	0.00917107
1	0.04	73	0.000653922	6.95817e-05	0.217254	0.00908133
1	0.04	74	0.000649541	6.87792e-05	0.217083	0.0089563
1	0.04	75	0.000657904	6.83686e-05	0.217438	0.00888535
1	0.04	76	0.000666834	6.80497e-05	0.217747	0.00881793
1	0.04	77	0.000666207	6.71688e-05	0.217524	0.0087059
1	0.04	78	0.000656944	6.69433e-05	0.216758	0.00865216
1	0.04	79	0.000658733	6.61198e-05	0.216859	0.00854838
1	0.04	80	0.00064419	6.68736e-05	0.21592	0.00855242
1	0.04	81	0.000644428	6.60484e-05	0.215375	0.00846776
1	0.04	82	0.000637768	6.55779e-05	0.21503	0.00837391
1	0.04	83	0.00063319	6.49474e-05	0.21466	0.00828203
1	0.04	84	0.000633713	6.41763e-05	0.214821	0.00818672
1	0.04	85	0.000634765	6.34299e-05	0.214861	0.00809305
1	0.04	86	0.0006306	6.28289e-05	0.214826	0.0079943
1	0.04	87	0.00063177	6.21176e-05	0.215435	0.00793494
1	0.04	88	0.000637888	6.17123e-05	0.215844	0.00788496
1	0.04	89	0.000626905	6.19885e-05	0.215299	0.00783948
1	0.04	90	0.000633454	6.16447e-05	0.216539	0.00791514
1	0.04	91	0.000631364	6.10027e-05	0.215895	0.00786022
1	0.04	92	0.000631759	6.03409e-05	0.216043	0.00777743
1	0.04	93	0.000628064	5.98051e-05	0.216272	0.00769071
1	0.04	94	0.000637115	5.98499e-05	0.216404	0.00764853
1	0.04	95	0.000630507	5.95836e-05	0.215986	0.00758669
1	0.04	96	0.000636263	5.92403e-05	0.216455	0.00755169
1	0.04	97	0.000631468	5.88232e-05	0.216154	0.00748134
1	0.04	98	0.000624018	5.86929e-05	0.215816	0.00741959
1	0.04	99	0.000633877	5.89223e-05	0.216292	0.00741745
1	0.04	100	0.000621665	5.95852e-05	0.215552	0.00742416
1	0.04	101	0.00062386	5.90357e-05	0.215186	0.00736405
1	0.04	102	0.000619404	5.86248e-05	0.215003	0.00729279
1	0.04	103	0.00061783	5.80768e-05	0.215013	0.00721946
1	0.04	104	0.000632064	5.92368e-05	0.216035	0.00735361
1	0.04	105	0.000634385	5.87182e-05	0.216147	0.00729106
1	0.04	106	0.000632136	5.82073e-05	0.21574	0.00723578
1	0.04	107	0.000630066	5.77001e-05	0.215443	0.0071746
1	0.04	108	0.000638249	5.77432e-05	0.216021	0.00718216
1	0.04	109	0.000636787	5.72319e-05	0.216054	0.00711391
1	0.04	110	0.000631541	5.69516e-05	0.215539	0.00707718
1	0.04	111	0.000627537	5.65791e-05	0.215257	0.00702017
1	0.04	112	0.000620947	5.64564e-05	0.214882	0.0069753
1	0.04	113	0.000621519	5.59597e-05	0.214732	0.00691633
1	0.04	114	0.000616402	5.57023e-05	0.214642	0.00685431
1	0.04	115	0.000615153	5.5232e-05	0.214847	0.00679555
1	0.04	116	0.000609063	5.50905e-05	0.214182	0.00678707
1	0.04	117	0.000597342	5.58526e-05	0.213483	0.00680782
1	0.04	118	0.000593144	5.55368e-05	0.212933	0.00678045
1	0.04	119	0.000589911	5.51642e-05	0.212734	0.00672544
1	0.04	120	0.000587254	5.47684e-05	0.212636	0.00666781
1	0.04	121	0.000579657	5.48401e-05	0.212061	0.00665516
1	0.04	122	0.000577904	5.44186e-05	0.212049	0.0065982
1	0.04	123	0.000578508	5.39796e-05	0.211992	0.00654587
1	0.04	124	0.000580675	5.35877e-05	0.212164	0.00650182
1	0.04	125	0.000591979	5.43382e-05	0.212596	0.00653067
1	0.04	126	0.00059429	5.39561e-05	0.212547	0.00648388
1	0.04	127	0.000586967	5.40259e-05	0.212267	0.0064458
1	0.04	128	0.000579162	5.41647e-05	0.212028	0.00640633
1	0.04	129	0.000581989	5.38185e-05	0.212044	0.0063635
1	0.04	130	0.000573786	5.4026e-05	0.211445	0.00636482
1	0.04	131	0.0005779	5.377e-05	0.211595	0.00633125
1	0.04	132	0.000579762	5.33949e-05	0.211893	0.00629758
1	0.04	133	0.0005811	5.30102e-05	0.211977	0.00625402
1	0.04	134	0.000586865	5.29271e-05	0.212371	0.00624744
1	0.04	135	0.000586114	5.25404e-05	0.212101	0.00620767
1	0.04	136	0.000591796	5.24604e-05	0.21251	0.00620339
1	0.04	137	0.000594968	5.21733e-05	0.212442	0.00616539
1	0.04	138	0.00058843	5.22033e-05	0.211868	0.00616502
1	0.04	139	0.000595967	5.2369e-05	0.212283	0.00617455
1	0.04	140	0.000594675	5.20109e-05	0.212226	0.00612921
1	0.04	141	0.000593542	5.16544e-05	0.212333	0.00608477
1	0.04	142	0.000590232	5.13965e-05	0.211964	0.00605687
1	0.04	143	0.000581301	5.18073e-05	0.211498	0.00605419
1	0.04	144	0.00057903	5.14973e-05	0.211531	0.00600928
1	0.04	145	0.000583077	5.13009e-05	0.211729	0.00598518
1	0.04	146	0.000579945	5.1045e-05	0.211396	0.00595616
1	0.04	147	0.000581242	5.07142e-05	0.211523	0.00592043
1	0.04	148	0.000579948	5.03881e-05	0.211644	0.00587953
1	0.04	149	0.000581263	5.00671e-05	0.211761	0.00584461
1	0.04	150	0.000576786	4.9933e-05	0.211351	0.00582714
1	0.04	151	0.000581142	4.9792e-05	0.211337	0.00579973
1	0.04	152	0.000575969	4.97324e-05	0.211129	0.0057679
1	0.04	153	0.000577742	4.9439e-05	0.211328	0.00573928
1	0.04	154	0.000580371	4.91878e-05	0.211207	0.0057081
1	0.04	155	0.000580242	4.88706e-05	0.211156	0.00567138
1	0.04	156	0.000574995	4.88382e-05	0.210972	0.0056404
1	0.04	157	0.000574	4.85372e-05	0.210965	0.00560316
1	0.04	158	0.000577249	4.83386e-05	0.211027	0.00557651
1	0.04	159	0.000578255	4.80451e-05	0.211187	0.00554665
1	0.04	160	0.000580576	4.78008e-05	0.211161	0.00551672
1	0.04	161	0.000576622	4.76672e-05	0.210992	0.00548582
1	0.04	162	0.000574942	4.74026e-05	0.210759	0.00545755
1	0.04	163	0.000573895	4.71234e-05	0.210761	0.0054227
1	0.04	164	0.000576599	4.69136e-05	0.211143	0.00541589
1	0.04	165	0.000579423	4.67142e-05	0.211654	0.00542405
1	0.04	166	0.000580185	4.6439e-05	0.211729	0.00539353
1	0.04	167	0.000578651	4.61862e-05	0.211629	0.00536126
1	0.04	168	0.000574221	4.61233e-05	0.211363	0.00534027
1	0.04	169	0.000574666	4.58525e-05	0.211363	0.00530939
1	0.04	170	0.000576778	4.56314e-05	0.211472	0.0052847
1	0.04	171	0.000571848	4.563e-05	0.211183	0.00526789
1	0.04	172	0.000577946	4.57704e-05	0.211562	0.00528161
1	0.04	173	0.00057304	4.5768e-05	0.211105	0.0052827
1	0.04	174	0.000573614	4.55085e-05	0.211035	0.00525366
1	0.04	175	0.000578008	4.54601e-05	0.211275	0.00524598
1	0.04	176	0.000577433	4.52054e-05	0.211167	0.005217
1	0.04	177	0.000577947	4.4953e-05	0.211258	0.0051895
1	0.04	178	0.000576877	4.47131e-05	0.211044	0.00516538
1	0.04	179	0.000577059	4.44637e-05	0.211208	0.00514005
1	0.04	180	0.000576379	4.42219e-05	0.211292	0.0051112
1	0.04	181	0.000579169	4.40655e-05	0.211155	0.00508948
1	0.04	182	0.000573712	4.41599e-05	0.210873	0.0050774
1	0.04	183	0.000572144	4.39464e-05	0.210766	0.0050501
1	0.04	184	0.000567268	4.39772e-05	0.210298	0.00505759
1	0.04	185	0.000572749	4.40797e-05	0.210449	0.00505208
1	0.04	186	0.000570139	4.39199e-05	0.210324	0.00502618
1	0.04	187	0.000571632	4.37104e-05	0.210823	0.0050348
1	0.04	188	0.000567985	4.36297e-05	0.210669	0.00501151
1	0.04	189	0.000572992	4.36853e-05	0.21088	0.00500852
1	0.04	190	0.000571883	4.34695e-05	0.210716	0.00498488
1	0.04	191	0.000566825	4.35352e-05	0.210467	0.00497124
1	0.04	192	0.000567221	4.33102e-05	0.210535	0.00494663
1	0.04	193	0.000566054	4.31016e-05	0.210357	0.00492443
1	0.04	194	0.000567137	4.2893e-05	0.21041	0.00490146
1	0.04	195	0.000567735	4.26772e-05	0.210308	0.00487823
1	0.04	196	0.000566096	4.24909e-05	0.210019	0.00486419
1	0.04	197	0.000567075	4.22865e-05	0.209888	0.00484261
1	0.04	198	0.00056618	4.20824e-05	0.209984	0.00481787
1	0.04	199	0.000564898	4.18905e-05	0.210068	0.00479271
1	0.04	200	0.000566555	4.17138e-05	0.210194	0.00477469
1	0.05	1	0.000937107	0	0.228209	0
1	0.05	2	0.00159289	0.00046371	0.289173	0.0865326
1	0.05	3	0.00149002	0.000320348	0.277493	0.0594186
1	0.05	4	0.00173378	0.00031983	0.286677	0.0561567
1	0.05	5	0.0019555	0.000323717	0.308117	0.0642712
1	0.05	6	0.00193832	0.00027022	0.306724	0.0535075
1	0.05	7	0.00214524	0.000300579	0.326067	0.0648842
1	0.05	8	0.00222259	0.000272775	0.319644	0.0581607
1	0.05	9	0.00222144	0.000242469	0.318552	0.0517075
1	0.05	10	0.00216141	0.00022553	0.314945	0.0475321
1	0.05	11	0.00211307	0.000210146	0.314677	0.0434513
1	0.05	12	0.00218136	0.000203427	0.316791	0.0418484
1	0.05	13	0.00210222	0.000202587	0.316068	0.0398737
1	0.05	14	0.00207485	0.000189957	0.314513	0.0372077
1	0.05	15	0.00206846	0.000177401	0.31505	0.0346976
1	0.05	16	0.00203961	0.000168642	0.316072	0.0325461
1	0.05	17	0.00210193	0.000169844	0.32125	0.0337029
1	0.05	18	0.00216488	0.000171681	0.324281	0.0341805
1	0.05	19	0.00210508	0.000172747	0.320557	0.0341353
1	0.05	20	0.00216276	0.000173472	0.327622	0.0360124
1	0.05	21	0.0021669	0.000165261	0.327307	0.0343235
1	0.05	22	0.00212774	0.000162323	0.325718	0.0332936
1	0.05	23	0.00208721	0.000160246	0.322193	0.0328714
1	0.05	24	0.00208567	0.000153577	0.321901	0.0314982
1	0.05	25	0.00208771	0.000147447	0.322363	0.0302577
1	0.05	26	0.00210718	0.000143055	0.323826	0.0294661
1	0.05	27	0.00204977	0.000148832	0.322564	0.0295305
1	0.05	28	0.00204059	0.000143799	0.325197	0.0285555
1	0.05	29	0.00202794	0.000139396	0.324357	0.0276248
1	0.05	30	0.00201431	0.000135414	0.325166	0.0266879
1	0.05	31	0.00201502	0.000131047	0.324953	0.025831
1	0.05	32	0.00199739	0.000128133	0.325517	0.025038
1	0.05	33	0.00203638	0.000130047	0.327018	0.0253166
1	0.05	34	0.00204875	0.000126809	0.327565	0.0247194
1	0.05	35	0.00207904	0.000126751	0.329759	0.0249239
1	0.05	36	0.00206972	0.000123572	0.329229	0.0242586
1	0.05	37	0.0020451	0.000122661	0.329607	0.0237204
1	0.05	38	0.00205098	0.000119574	0.329508	0.0231315
1	0.05	39	0.00202446	0.000119411	0.328508	0.0228819
1	0.05	40	0.00202254	0.000116442	0.327855	0.0223239
1	0.05	41	0.00202351	0.000113606	0.328693	0.0218111
1	0.05	42	0.00206443	0.000118043	0.330634	0.0226714
1	0.05	43	0.00206927	0.000115397	0.330418	0.0221695
1	0.05	44	0.00209424	0.000115443	0.334605	0.0231023
1	0.05	45	0.00212012	0.000115743	0.335982	0.0232098
1	0.05	46	0.00209229	0.000116524	0.335441	0.0230265
1	0.05	47	0.00207327	0.000115588	0.334805	0.0226942
1	0.05	48	0.00209297	0.000114847	0.335656	0.0225705
1	0.05	49	0.00210565	0.000113201	0.335351	0.0222156
1	0.05	50	0.00208316	0.00011315	0.335023	0.0219616
1	0.05	51	0.00208762	0.000111019	0.335539	0.0215768
1	0.05	52	0.00210224	0.000109843	0.336832	0.0214676
1	0.05	53	0.00210349	0.000107778	0.335107	0.0211637
1	0.05	54	0.00210669	0.000105829	0.336978	0.0209444
1	0.05	55	0.00212221	0.000105037	0.337998	0.0208553
1	0.05	56	0.00213846	0.000104411	0.338366	0.0207084
1	0.05	57	0.00214037	0.000102597	0.337925	0.0203562
1	0.05	58	0.00212898	0.000101457	0.336818	0.0201484
1	0.05	59	0.00211527	0.00010066	0.336337	0.0199045
1	0.05	60	0.00212254	9.92441e-05	0.337526	0.0197249
1	0.05	61	0.00213394	9.82704e-05	0.337465	0.0195047
1	0.05	62	0.0021161	9.82909e-05	0.336968	0.019364
1	0.05	63	0.00209936	9.8147e-05	0.336985	0.0191527
1	0.05	64	0.00208457	9.77216e-05	0.337386	0.0188974
1	0.05	65	0.00210426	9.81824e-05	0.337412	0.0188816
1	0.05	66	0.00208388	9.87863e-05	0.336332	0.0189245
1	0.05	67	0.00206533	9.90399e-05	0.334905	0.0189932
1	0.05	68	0.00205854	9.78159e-05	0.33449	0.0187388
1	0.05	69	0.00206288	9.64946e-05	0.334294	0.0184879
1	0.05	70	0.00208141	9.68784e-05	0.334183	0.0184566
1	0.05	71	0.00207889	9.55464e-05	0.334843	0.0182011
1	0.05	72	0.00208791	9.4644e-05	0.334533	0.0180092
1	0.05	73	0.00208657	9.3357e-05	0.334307	0.0177634
1	0.05	74	0.00206859	9.38121e-05	0.334057	0.0176806
1	0.05	75	0.00206522	9.26217e-05	0.333856	0.0174469
1	0.05	76	0.00206478	9.14041e-05	0.333977	0.0172164
1	0.05	77	0.00207402	9.0683e-05	0.334139	0.0170799
1	0.05	78	0.00207769	8.95945e-05	0.334098	0.0168788
1	0.05	79	0.0020863	8.88734e-05	0.334508	0.0167644
1	0.05	80	0.00208304	8.78225e-05	0.333981	0.0165759
1	0.05	81	0.00207961	8.68049e-05	0.333108	0.0164238
1	0.05	82	0.00209395	8.69221e-05	0.334141	0.0165356
1	0.05	83	0.00210571	8.66675e-05	0.334322	0.0164705
1	0.05	84	0.00211268	8.59149e-05	0.334225	0.0163203
1	0.05	85	0.00209954	8.59032e-05	0.33366	0.0162643
1	0.05	86	0.0020904	8.53892e-05	0.333386	0.0161222
1	0.05	87	0.00208409	8.46405e-05	0.332789	0.0159866
1	0.05	88	0.0020876	8.37516e-05	0.332287	0.015823
1	0.05	89	0.00208172	8.30169e-05	0.332845	0.0156445
1	0.05	90	0.00208271	8.21004e-05	0.333038	0.0154772
1	0.05	91	0.00207697	8.13987e-05	0.333154	0.0153093
1	0.05	92	0.00207454	8.05501e-05	0.33257	0.0151676
1	0.05	93	0.00208295	8.01211e-05	0.333598	0.0151875
1	0.05	94	0.00208122	7.92872e-05	0.333812	0.0150232
1	0.05	95	0.00208325	7.84785e-05	0.334091	0.0148811
1	0.05	96	0.00207583	7.80112e-05	0.334009	0.0147491
1	0.05	97	0.00207824	7.7244e-05	0.333837	0.0146057
1	0.05	98	0.00208461	7.67187e-05	0.333987	0.0145089
1	0.05	99	0.00207716	7.63054e-05	0.333299	0.0144453
1	0.05	100	0.00207509	7.55704e-05	0.332503	0.0143449
1	0.05	101	0.00207136	7.49141e-05	0.331932	0.0142369
1	0.05	102	0.00207844	7.45137e-05	0.332016	0.0141547
1	0.05	103	0.00207151	7.41118e-05	0.332012	0.0140348
1	0.05	104	0.00206989	7.34169e-05	0.332131	0.0138972
1	0.05	105	0.00206697	7.27756e-05	0.331894	0.0137724
1	0.05	106	0.00208168	7.35605e-05	0.332487	0.0139198
1	0.05	107	0.00208012	7.28896e-05	0.33233	0.013791
1	0.05	108	0.00208279	7.22634e-05	0.332529	0.0136811
1	0.05	109	0.00208003	7.16531e-05	0.331791	0.0136016
1	0.05	110	0.00207579	7.1127e-05	0.332311	0.0134796
1	0.05	111	0.00206528	7.12585e-05	0.332212	0.0134243
1	0.05	112	0.00206618	7.0628e-05	0.332312	0.0133085
1	0.05	113	0.00206181	7.01381e-05	0.331817	0.0132263
1	0.05	114	0.00205971	6.95543e-05	0.331812	0.0131089
1	0.05	115	0.00207267	7.01464e-05	0.33263	0.0132746
1	0.05	116	0.00207009	6.95891e-05	0.332189	0.0131798
1	0.05	117	0.00206054	6.96476e-05	0.332308	0.0131061
1	0.05	118	0.00207357	7.02654e-05	0.332579	0.0131853
1	0.05	119	0.00206464	7.02392e-05	0.331988	0.0131769
1	0.05	120	0.00206479	6.96541e-05	0.332551	0.013087
1	0.05	121	0.00205474	6.97996e-05	0.331743	0.0131355
1	0.05	122	0.00206229	6.96347e-05	0.331647	0.0130826
1	0.05	123	0.00207119	6.96354e-05	0.331667	0.013058
1	0.05	124	0.00206228	6.96427e-05	0.331051	0.0130599
1	0.05	125	0.00205772	6.92343e-05	0.331289	0.0129554
1	0.05	126	0.00205487	6.87436e-05	0.330981	0.0128652
1	0.05	127	0.00204207	6.93832e-05	0.330745	0.0128869
1	0.05	128	0.0020384	6.8938e-05	0.331107	0.0127852
1	0.05	129	0.00202722	6.93044e-05	0.330717	0.0127991
1	0.05	130	0.00203087	6.88673e-05	0.330894	0.012726
1	0.05	131	0.00202984	6.83493e-05	0.330573	0.0126364
1	0.05	132	0.00202634	6.79211e-05	0.330236	0.0125589
1	0.05	133	0.00201577	6.82278e-05	0.32995	0.0125553
1	0.05	134	0.00200673	6.83155e-05	0.329905	0.0125063
1	0.05	135	0.0020065	6.78098e-05	0.330031	0.0124139
1	0.05	136	0.00201014	6.74085e-05	0.329987	0.0123395
1	0.05	137	0.00200424	6.71744e-05	0.329847	0.012271
1	0.05	138	0.00200409	6.66877e-05	0.329632	0.012185
1	0.05	139	0.00199985	6.63428e-05	0.329164	0.0121326
1	0.05	140	0.00200065	6.58738e-05	0.329835	0.0120815
1	0.05	141	0.00199831	6.54483e-05	0.329792	0.011996
1	0.05	142	0.0019956	6.50434e-05	0.329914	0.0119096
1	0.05	143	0.00199129	6.47313e-05	0.329991	0.0118293
1	0.05	144	0.00199687	6.4522e-05	0.330505	0.0118253
1	0.05	145	0.00199171	6.42831e-05	0.330773	0.0117466
1	0.05	146	0.001998	6.415e-05	0.330525	0.0117012
1	0.05	147	0.00200058	6.37655e-05	0.330475	0.0116314
1	0.05	148	0.00199378	6.36962e-05	0.33045	0.011577
1	0.05	149	0.00200179	6.37707e-05	0.330749	0.0115944
1	0.05	150	0.0020019	6.33457e-05	0.330633	0.0115181
1	0.05	151	0.00199866	6.30093e-05	0.330195	0.0114693
1	0.05	152	0.00200145	6.26566e-05	0.330461	0.0114173
1	0.05	153	0.00199712	6.23966e-05	0.330229	0.0113618
1	0.05	154	0.00199884	6.20154e-05	0.329996	0.0112941
1	0.05	155	0.00199003	6.22387e-05	0.329632	0.011305
1	0.05	156	0.00198754	6.18894e-05	0.329765	0.0112308
1	0.05	157	0.00198809	6.14976e-05	0.329926	0.0111632
1	0.05	158	0.00198341	6.12856e-05	0.329861	0.0111042
1	0.05	159	0.00198569	6.09424e-05	0.329708	0.0110417
1	0.05	160	0.00198686	6.05727e-05	0.329678	0.0109759
1	0.05	161	0.00199726	6.10831e-05	0.330372	0.0111189
1	0.05	162	0.00199842	6.07171e-05	0.330331	0.0110534
1	0.05	163	0.00199298	6.05879e-05	0.33051	0.010993
1	0.05	164	0.00199252	6.02202e-05	0.330469	0.0109255
1	0.05	165	0.00199289	5.98564e-05	0.330693	0.0108645
1	0.05	166	0.0019968	5.9623e-05	0.330981	0.0108361
1	0.05	167	0.0019934	5.93626e-05	0.330533	0.0108033
1	0.05	168	0.0019913	5.90464e-05	0.330342	0.0107451
1	0.05	169	0.00199362	5.87427e-05	0.330639	0.0107036
1	0.05	170	0.00199321	5.83986e-05	0.330492	0.0106421
1	0.05	171	0.0019899	5.81508e-05	0.330208	0.010598
1	0.05	172	0.00199013	5.78132e-05	0.330031	0.0105387
1	0.05	173	0.00199004	5.74791e-05	0.32987	0.0104797
1	0.05	174	0.00199312	5.72312e-05	0.329682	0.0104306
1	0.05	175	0.00199418	5.6914e-05	0.329684	0.010374
1	0.05	176	0.00199246	5.66165e-05	0.329415	0.0103245
1	0.05	177	0.00199783	5.65508e-05	0.329686	0.0103219
1	0.05	178	0.00199969	5.62634e-05	0.32944	0.0102705
1	0.05	179	0.00200029	5.59524e-05	0.329319	0.0102149
1	0.05	180	0.00200392	5.57592e-05	0.329536	0.0101883
1	0.05	181	0.00200062	5.5549e-05	0.329494	0.0101375
1	0.05	182	0.00199742	5.53359e-05	0.329718	0.0100821
1	0.05	183	0.00199102	5.54017e-05	0.329468	0.0100739
1	0.05	184	0.00199835	5.5583e-05	0.32987	0.0101239
1	0.05	185	0.00199248	5.55916e-05	0.329859	0.0100907
1	0.05	186	0.00198996	5.53497e-05	0.329863	0.0100376
1	0.05	187	0.00199697	5.54957e-05	0.329873	0.0100426
1	0.05	188	0.00199678	5.52008e-05	0.329773	0.0099898
1	0.05	189	0.00199558	5.49219e-05	0.329337	0.00995637
1	0.05	190	0.00199292	5.46969e-05	0.328927	0.00993014
1	0.05	191	0.0019926	5.44115e-05	0.328958	0.00987765
1	0.05	192	0.00199498	5.41798e-05	0.329278	0.00985162
1	0.05	193	0.001994	5.39079e-05	0.329226	0.00980049
1	0.05	194	0.00199361	5.36314e-05	0.329317	0.00974971
1	0.05	195	0.00199782	5.35215e-05	0.329811	0.00976521
1	0.05	196	0.0020019	5.34034e-05	0.329994	0.00974878
1	0.05	197	0.00200468	5.32045e-05	0.330147	0.00971787
1	0.05	198	0.00200556	5.29432e-05	0.330025	0.00967114
1	0.05	199	0.00200135	5.28447e-05	0.33009	0.00962988
1	0.05	200	0.00200759	5.29479e-05	0.330133	0.00963333
1	0.06	1	0.00292774	0	0.382321	0
1	0.06	2	0.00368308	0.000534109	0.405678	0.138826
1	0.06	3	0.00384808	0.000380705	0.396084	0.0983546
1	0.06	4	0.00386823	0.000286062	0.39633	0.0740996
1	0.06	5	0.00375655	0.000249701	0.404042	0.0615191
1	0.06	6	0.00370868	0.000212622	0.412231	0.0515793
1	0.06	7	0.00366904	0.000185907	0.41213	0.0448743
1	0.06	8	0.00364282	0.000164507	0.408562	0.0403197
1	0.06	9	0.00363018	0.000146713	0.408701	0.0358819
1	0.06	10	0.00356833	0.000144491	0.405576	0.0362038
1	0.06	11	0.00363385	0.000145455	0.409355	0.0380218
1	0.06	12	0.00359761	0.000137776	0.408434	0.0358647
1	0.06	13	0.003668	0.000144043	0.407684	0.0368535
1	0.06	14	0.00369587	0.000136423	0.406851	0.0348294
1	0.06	15	0.00373109	0.000131797	0.404037	0.0332597
1	0.06	16	0.00373823	0.000123753	0.402476	0.0312473
1	0.06	17	0.00373814	0.000116473	0.405362	0.0296636
1	0.06	18	0.00381124	0.000130944	0.405134	0.0332294
1	0.06	19	0.00378448	0.000126757	0.404744	0.0321123
1	0.06	20	0.0037287	0.000132121	0.405065	0.0329719
1	0.06	21	0.00373251	0.000125884	0.403801	0.0314431
1	0.06	22	0.00371912	0.000120873	0.401505	0.0305221
1	0.06	23	0.0037255	0.000115786	0.398539	0.0293905
1	0.06	24	0.00375488	0.000114628	0.398911	0.0292325
1	0.06	25	0.00376953	0.000110975	0.401441	0.0288397
1	0.06	26	0.00382283	0.00011882	0.400234	0.0303759
1	0.06	27	0.00385801	0.000119514	0.400545	0.0307342
1	0.06	28	0.00381547	0.000122581	0.402311	0.030798
1	0.06	29	0.00381451	0.000118358	0.40248	0.0297328
1	0.06	30	0.00377975	0.000119408	0.402124	0.0299455
1	0.06	31	0.00374609	0.000120206	0.403036	0.029765
1	0.06	32	0.00375437	0.000116734	0.401166	0.0289256
1	0.06	33	0.00377257	0.000114606	0.400509	0.0283769
1	0.06	34	0.00377084	0.000111248	0.400787	0.0275377
1	0.06	35	0.00377324	0.000108096	0.40095	0.0267704
1	0.06	36	0.00376627	0.000105318	0.399755	0.0261873
1	0.06	37	0.00374531	0.000104536	0.400282	0.0258213
1	0.06	38	0.0037494	0.000101865	0.400608	0.0251916
1	0.06	39	0.00375752	9.95765e-05	0.402566	0.0249521
1	0.06	40	0.00377596	9.87801e-05	0.402091	0.0247236
1	0.06	41	0.00380519	0.000100602	0.404599	0.0261643
1	0.06	42	0.00380626	9.8212e-05	0.405407	0.0255781
1	0.06	43	0.00379205	9.69507e-05	0.405247	0.0252046
1	0.06	44	0.00379717	9.48823e-05	0.405309	0.024683
1	0.06	45	0.00379813	9.27787e-05	0.406728	0.0242297
1	0.06	46	0.00380361	9.09232e-05	0.4078	0.0238601
1	0.06	47	0.00378346	9.11947e-05	0.408909	0.0236447
1	0.06	48	0.00377353	8.98337e-05	0.408953	0.0232466
1	0.06	49	0.00377322	8.80009e-05	0.409898	0.0228052
1	0.06	50	0.00377549	8.62702e-05	0.409534	0.0223595
1	0.06	51	0.0037877	8.54372e-05	0.409452	0.0221486
1	0.06	52	0.00379152	8.38796e-05	0.409586	0.0217598
1	0.06	53	0.00380515	8.33972e-05	0.40858	0.0215442
1	0.06	54	0.00381873	8.29516e-05	0.408349	0.0214151
1	0.06	55	0.00382172	8.14972e-05	0.409494	0.0211445
1	0.06	56	0.00382468	8.00958e-05	0.41021	0.0208354
1	0.06	57	0.00383871	7.99086e-05	0.409274	0.0206906
1	0.06	58	0.00383393	7.86737e-05	0.40927	0.0203567
1	0.06	59	0.00381186	8.03738e-05	0.410093	0.020513
1	0.06	60	0.00381234	7.90357e-05	0.409737	0.0201767
1	0.06	61	0.00378979	8.08938e-05	0.410769	0.0203322
1	0.06	62	0.00378999	7.95893e-05	0.410768	0.0200049
1	0.06	63	0.00379345	7.84013e-05	0.410396	0.0197058
1	0.06	64	0.00377774	7.87352e-05	0.410781	0.0196732
1	0.06	65	0.00376124	7.92336e-05	0.410485	0.0198099
1	0.06	66	0.00375842	7.80832e-05	0.409781	0.0195636
1	0.06	67	0.00375838	7.69177e-05	0.409733	0.0192716
1	0.06	68	0.0037576	7.57906e-05	0.409796	0.0189868
1	0.06	69	0.00376979	7.56663e-05	0.4096	0.01895
1	0.06	70	0.00376706	7.46347e-05	0.408981	0.0187263
1	0.06	71	0.0037714	7.37097e-05	0.408652	0.0184909
1	0.06	72	0.00378045	7.32388e-05	0.408882	0.0184206
1	0.06	73	0.0037935	7.33889e-05	0.408814	0.0184703
1	0.06	74	0.0037885	7.25668e-05	0.408736	0.018256
1	0.06	75	0.00379228	7.16974e-05	0.409355	0.0180974
1	0.06	76	0.00381579	7.45092e-05	0.410431	0.0192186
1	0.06	77	0.00381408	7.35612e-05	0.410724	0.0189677
1	0.06	78	0.00381348	7.26206e-05	0.410572	0.018726
1	0.06	79	0.00381111	7.17398e-05	0.41201	0.0185557
1	0.06	80	0.00380617	7.10129e-05	0.412204	0.0183428
1	0.06	81	0.0038084	7.01711e-05	0.411691	0.0181287
1	0.06	82	0.00381217	6.94166e-05	0.411303	0.0179292
1	0.06	83	0.00382168	6.92286e-05	0.411337	0.0178963
1	0.06	84	0.00382204	6.84054e-05	0.410973	0.0176897
1	0.06	85	0.00382249	6.76021e-05	0.4109	0.0174827
1	0.06	86	0.00381499	6.72307e-05	0.410784	0.0173763
1	0.06	87	0.00382861	6.78235e-05	0.411185	0.0176214
1	0.06	88	0.00382553	6.71226e-05	0.41109	0.0174358
1	0.06	89	0.00381142	6.7835e-05	0.410855	0.0176116
1	0.06	90	0.00381848	6.74472e-05	0.410177	0.0174794
1	0.06	91	0.00382357	6.68984e-05	0.410424	0.0173658
1	0.06	92	0.00382109	6.62172e-05	0.409814	0.0172245
1	0.06	93	0.00382205	6.55122e-05	0.410196	0.0170563
1	0.06	94	0.0038058	6.6801e-05	0.409696	0.0174429
1	0.06	95	0.00381101	6.63009e-05	0.409352	0.0173011
1	0.06	96	0.00381372	6.56657e-05	0.40969	0.0171589
1	0.06	97	0.00380964	6.51152e-05	0.409583	0.0170103
1	0.06	98	0.00381639	6.47994e-05	0.409212	0.0169071
1	0.06	99	0.00381398	6.41897e-05	0.408925	0.0167566
1	0.06	100	0.00381019	6.36597e-05	0.408866	0.0166113
1	0.06	101	0.00380433	6.32988e-05	0.408243	0.0165736
1	0.06	102	0.00379996	6.28285e-05	0.40813	0.0164456
1	0.06	103	0.00381182	6.33271e-05	0.408115	0.0165719
1	0.06	104	0.00380923	6.27708e-05	0.407858	0.0164332
1	0.06	105	0.00381293	6.22817e-05	0.407779	0.0163063
1	0.06	106	0.00381739	6.18539e-05	0.408558	0.0162857
1	0.06	107	0.00380861	6.18966e-05	0.40902	0.016217
1	0.06	108	0.00380932	6.13276e-05	0.409232	0.0160741
1	0.06	109	0.00380395	6.09995e-05	0.409408	0.0159597
1	0.06	110	0.00380251	6.0462e-05	0.408986	0.0158355
1	0.06	111	0.00380667	6.00602e-05	0.408372	0.0157194
1	0.06	112	0.00381414	5.99865e-05	0.408776	0.0157593
1	0.06	113	0.00380176	6.07199e-05	0.4092	0.0158289
1	0.06	114	0.00379871	6.02639e-05	0.409431	0.0156949
1	0.06	115	0.00379952	5.97454e-05	0.409702	0.0155692
1	0.06	116	0.00379713	5.92783e-05	0.410241	0.0154399
1	0.06	117	0.00378884	5.93481e-05	0.410556	0.0153952
1	0.06	118	0.00379276	5.89742e-05	0.410644	0.0153089
1	0.06	119	0.00379452	5.85051e-05	0.410052	0.0151956
1	0.06	120	0.00378711	5.84852e-05	0.409995	0.015173
1	0.06	121	0.00377725	5.88277e-05	0.410389	0.0151743
1	0.06	122	0.00378696	5.91409e-05	0.41015	0.0152258
1	0.06	123	0.00378578	5.86717e-05	0.410172	0.0151022
1	0.06	124	0.00379167	5.84936e-05	0.410568	0.015109
1	0.06	125	0.00378533	5.83682e-05	0.411021	0.0150256
1	0.06	126	0.00379251	5.83441e-05	0.411323	0.0150654
1	0.06	127	0.00379044	5.79214e-05	0.410751	0.0149912
1	0.06	128	0.00378803	5.75189e-05	0.410257	0.014916
1	0.06	129	0.00379092	5.71454e-05	0.410149	0.0148187
1	0.06	130	0.00379496	5.68485e-05	0.41023	0.014752
1	0.06	131	0.00379795	5.64934e-05	0.409797	0.014655
1	0.06	132	0.0037964	5.60868e-05	0.409626	0.0145525
1	0.06	133	0.00379558	5.56711e-05	0.409441	0.0144477
1	0.06	134	0.00378925	5.5614e-05	0.409418	0.0144164
1	0.06	135	0.00378806	5.52148e-05	0.409524	0.0143092
1	0.06	136	0.00378526	5.48798e-05	0.409395	0.014223
1	0.06	137	0.00378211	5.45696e-05	0.409172	0.0141501
1	0.06	138	0.0037844	5.42224e-05	0.409355	0.0140723
1	0.06	139	0.00378759	5.39257e-05	0.409028	0.0139886
1	0.06	140	0.00378393	5.36641e-05	0.409088	0.0139083
1	0.06	141	0.00378435	5.32851e-05	0.409675	0.0138387
1	0.06	142	0.00378516	5.29159e-05	0.409569	0.0137434
1	0.06	143	0.00379224	5.30172e-05	0.410053	0.0138461
1	0.06	144	0.00379492	5.27171e-05	0.410355	0.0137909
1	0.06	145	0.00379882	5.24972e-05	0.410506	0.0137482
1	0.06	146	0.00379666	5.21818e-05	0.411116	0.013664
1	0.06	147	0.00379696	5.18276e-05	0.411023	0.0135719
1	0.06	148	0.00379814	5.14908e-05	0.41132	0.0134975
1	0.06	149	0.00379572	5.12017e-05	0.411359	0.0134147
1	0.06	150	0.00378931	5.1261e-05	0.411612	0.0133853
1	0.06	151	0.00379236	5.10122e-05	0.411156	0.0133135
1	0.06	152	0.00378615	5.1053e-05	0.411631	0.0132685
1	0.06	153	0.00379455	5.14064e-05	0.411349	0.0133229
1	0.06	154	0.0037936	5.10815e-05	0.411166	0.0132425
1	0.06	155	0.00379233	5.07676e-05	0.411713	0.0131679
1	0.06	156	0.00379191	5.04439e-05	0.411181	0.0131079
1	0.06	157	0.00379168	5.01231e-05	0.411091	0.0130251
1	0.06	158	0.00378365	5.04442e-05	0.411157	0.013072
1	0.06	159	0.00379042	5.05791e-05	0.410841	0.0130771
1	0.06	160	0.00379682	5.06659e-05	0.410967	0.0131182
1	0.06	161	0.00379901	5.03985e-05	0.410813	0.0130473
1	0.06	162	0.00380201	5.01767e-05	0.410891	0.0129978
1	0.06	163	0.00379854	4.99887e-05	0.41089	0.0129412
1	0.06	164	0.00379781	4.96892e-05	0.410909	0.0128622
1	0.06	165	0.00380339	4.97003e-05	0.410826	0.0128601
1	0.06	166	0.00379766	4.97307e-05	0.411064	0.0128313
1	0.06	167	0.00379428	4.95475e-05	0.4109	0.012789
1	0.06	168	0.00379929	4.95052e-05	0.410608	0.0127607
1	0.06	169	0.00379867	4.92161e-05	0.410919	0.0126888
1	0.06	170	0.00380209	4.90448e-05	0.410908	0.0126474
1	0.06	171	0.00380026	4.87923e-05	0.410546	0.0126014
1	0.06	172	0.00380682	4.89485e-05	0.410435	0.0126318
1	0.06	173	0.00380156	4.89481e-05	0.410782	0.0125929
1	0.06	174	0.00380114	4.86686e-05	0.410822	0.0125201
1	0.06	175	0.00380141	4.83912e-05	0.410706	0.0124496
1	0.06	176	0.00380356	4.81639e-05	0.410725	0.0123946
1	0.06	177	0.00380557	4.79337e-05	0.411008	0.0123552
1	0.06	178	0.00380581	4.7665e-05	0.410572	0.0122991
1	0.06	179	0.00380118	4.76223e-05	0.41033	0.0123035
1	0.06	180	0.00379922	4.73982e-05	0.410186	0.012249
1	0.06	181	0.00379812	4.71492e-05	0.409654	0.0122164
1	0.06	182	0.00378905	4.77542e-05	0.409786	0.0123202
1	0.06	183	0.00379203	4.75863e-05	0.409833	0.0122826
1	0.06	184	0.0037865	4.76484e-05	0.409929	0.0122744
1	0.06	185	0.00375678	5.58931e-05	0.692668	0.285264
1	0.06	186	0.00376154	5.57949e-05	0.691258	0.283765
1	0.06	187	0.00375836	5.55873e-05	0.689831	0.282259
1	0.06	188	0.00376069	5.53407e-05	0.688159	0.280771
1	0.06	189	0.00376177	5.50584e-05	0.686978	0.279291
1	0.06	190	0.00376824	5.51474e-05	0.685679	0.27788
1	0.06	191	0.00377365	5.5123e-05	0.684092	0.276469
1	0.06	192	0.00377337	5.48366e-05	0.682242	0.275035
1	0.06	193	0.00377335	5.45525e-05	0.680692	0.273615
1	0.06	194	0.003772	5.42881e-05	0.679456	0.272208
1	0.06	195	0.00377711	5.42501e-05	0.677676	0.270853
1	0.06	196	0.0037838	5.43834e-05	0.676235	0.269534
1	0.06	197	0.00378184	5.41424e-05	0.675232	0.26817
1	0.06	198	0.00377733	5.40565e-05	0.673925	0.266838
1	0.06	199	0.00377705	5.37856e-05	0.672527	0.2655
1	0.06	200	0.00377278	5.36856e-05	0.671196	0.264193
1	0.07	1	0.0062987	0	0.409	0
1	0.07	2	0.00642382	8.84709e-05	0.406274	0.0351366
1	0.07	3	0.00635771	7.9952e-05	0.412076	0.0294751
1	0.07	4	0.00643497	8.98514e-05	0.410486	0.0348332
1	0.07	5	0.00626106	0.000171362	0.419313	0.0627246
1	0.07	6	0.00637508	0.000176711	0.407743	0.0623802
1	0.07	7	0.00637241	0.000151487	0.40302	0.0540003
1	0.07	8	0.00632309	0.000140351	0.407654	0.049347
1	0.07	9	0.00639078	0.000140132	0.407575	0.0516905
1	0.07	10	0.00627319	0.000168382	0.414267	0.0608165
1	0.07	11	0.00622477	0.000159883	0.416057	0.0576611
1	0.07	12	0.00627519	0.000154302	0.414076	0.0560399
1	0.07	13	0.00630249	0.000144829	0.409757	0.0523867
1	0.07	14	0.00628962	0.000135055	0.414042	0.0487647
1	0.07	15	0.00629829	0.000126329	0.410203	0.0457071
1	0.07	16	0.00620537	0.000148728	0.418706	0.0512854
1	0.07	17	0.00618992	0.00014078	0.417554	0.0487928
1	0.07	18	0.00614015	0.000141483	0.424461	0.0478234
1	0.07	19	0.00613084	0.000134342	0.422455	0.0457113
1	0.07	20	0.00613863	0.000127851	0.419977	0.0435259
1	0.07	21	0.00615159	0.000122418	0.420019	0.0418333
1	0.07	22	0.00612742	0.000119216	0.422373	0.0404961
1	0.07	23	0.00616671	0.000120333	0.420929	0.0413725
1	0.07	24	0.00619815	0.000119356	0.417574	0.0408513
1	0.07	25	0.00615867	0.000120934	0.418938	0.041623
1	0.07	26	0.00615188	0.000116474	0.417283	0.0402984
1	0.07	27	0.00614726	0.000112252	0.416811	0.0388657
1	0.07	28	0.00615852	0.000108806	0.417615	0.0379192
1	0.07	29	0.00616245	0.000105125	0.417544	0.0366559
1	0.07	30	0.00615705	0.00010176	0.416388	0.0356068
1	0.07	31	0.00614594	9.90815e-05	0.416091	0.0347557
1	0.07	32	0.00612967	9.73123e-05	0.415745	0.0343208
1	0.07	33	0.00611678	9.52129e-05	0.416662	0.0335051
1	0.07	34	0.00611557	9.24202e-05	0.417425	0.0325269
1	0.07	35	0.00611506	8.9781e-05	0.417494	0.0315964
1	0.07	36	0.00609564	8.93629e-05	0.418217	0.0314402
1	0.07	37	0.00609262	8.69988e-05	0.420716	0.0307237
1	0.07	38	0.0060715	8.72349e-05	0.421779	0.0307246
1	0.07	39	0.00607327	8.50159e-05	0.423042	0.0300423
1	0.07	40	0.00605259	8.53677e-05	0.423544	0.0302125
1	0.07	41	0.00603168	8.5809e-05	0.423957	0.03043
1	0.07	42	0.00601831	8.48004e-05	0.426243	0.0298774
1	0.07	43	0.00601687	8.28406e-05	0.426128	0.0291872
1	0.07	44	0.00597993	8.8813e-05	0.428664	0.0308054
1	0.07	45	0.00598036	8.68404e-05	0.428914	0.0301265
1	0.07	46	0.00596945	8.56357e-05	0.43089	0.0295758
1	0.07	47	0.00598327	8.49218e-05	0.430936	0.0294938
1	0.07	48	0.00596734	8.46334e-05	0.431817	0.0293189
1	0.07	49	0.00597489	8.32427e-05	0.431151	0.0288327
1	0.07	50	0.00596667	8.19829e-05	0.430462	0.0285221
1	0.07	51	0.00596685	8.03756e-05	0.431183	0.0279861
1	0.07	52	0.00596462	7.88607e-05	0.431717	0.0274485
1	0.07	53	0.00594069	8.09232e-05	0.433426	0.0279197
1	0.07	54	0.00592759	8.04778e-05	0.433243	0.0278756
1	0.07	55	0.00593483	7.93403e-05	0.432561	0.0274724
1	0.07	56	0.00594214	7.8259e-05	0.43188	0.0270886
1	0.07	57	0.00595319	7.76632e-05	0.430539	0.0268207
1	0.07	58	0.00596208	7.68302e-05	0.430578	0.0266133
1	0.07	59	0.00596454	7.55674e-05	0.430405	0.02618
1	0.07	60	0.00596421	7.43086e-05	0.429876	0.0257584
1	0.07	61	0.00597154	7.34512e-05	0.430004	0.0255323
1	0.07	62	0.005984	7.33148e-05	0.428363	0.025384
1	0.07	63	0.00598104	7.22107e-05	0.429114	0.0249871
1	0.07	64	0.00597131	7.17349e-05	0.429365	0.0248272
1	0.07	65	0.00597033	7.0638e-05	0.429224	0.0244495
1	0.07	66	0.00598523	7.11226e-05	0.428459	0.024634
1	0.07	67	0.00599501	7.07307e-05	0.427471	0.024461
1	0.07	68	0.00599224	6.97451e-05	0.42704	0.0241507
1	0.07	69	0.00598783	6.88732e-05	0.427143	0.0238457
1	0.07	70	0.00599421	6.81839e-05	0.427884	0.0237676
1	0.07	71	0.00599317	6.72316e-05	0.42696	0.0234934
1	0.07	72	0.00598902	6.64259e-05	0.427145	0.0232024
1	0.07	73	0.00599137	6.55575e-05	0.42692	0.0229006
1	0.07	74	0.00598285	6.52231e-05	0.427036	0.022801
1	0.07	75	0.00597354	6.5014e-05	0.427198	0.0227435
1	0.07	76	0.00597941	6.44226e-05	0.426438	0.0225158
1	0.07	77	0.00598527	6.38524e-05	0.426101	0.0223213
1	0.07	78	0.0059768	6.35937e-05	0.426204	0.0222504
1	0.07	79	0.0059646	6.39485e-05	0.426534	0.0223839
1	0.07	80	0.00595542	6.38034e-05	0.426764	0.0223353
1	0.07	81	0.00594841	6.33999e-05	0.427138	0.0221698
1	0.07	82	0.00595195	6.27257e-05	0.427283	0.0219615
1	0.07	83	0.00594061	6.29877e-05	0.427719	0.0220325
1	0.07	84	0.00594357	6.23075e-05	0.426607	0.0218045
1	0.07	85	0.00595611	6.28236e-05	0.425638	0.0219291
1	0.07	86	0.00596083	6.22703e-05	0.42526	0.0217336
1	0.07	87	0.00597115	6.24039e-05	0.4248	0.0217967
1	0.07	88	0.0059728	6.17166e-05	0.424421	0.0215568
1	0.07	89	0.00597576	6.10938e-05	0.423935	0.0213348
1	0.07	90	0.00597673	6.04228e-05	0.423239	0.0211148
1	0.07	91	0.00597906	5.98038e-05	0.423042	0.0208998
1	0.07	92	0.00597744	5.91758e-05	0.422673	0.0206995
1	0.07	93	0.00597843	5.85479e-05	0.422967	0.0204935
1	0.07	94	0.00597437	5.80658e-05	0.423546	0.0202979
1	0.07	95	0.00597938	5.76699e-05	0.423076	0.0201505
1	0.07	96	0.00597384	5.73338e-05	0.423089	0.0200465
1	0.07	97	0.00596766	5.70747e-05	0.423407	0.0199382
1	0.07	98	0.00597113	5.65976e-05	0.423257	0.0197777
1	0.07	99	0.0059606	5.69985e-05	0.424146	0.019827
1	0.07	100	0.00595792	5.64913e-05	0.424515	0.0196374
1	0.07	101	0.00596217	5.60919e-05	0.423846	0.0194835
1	0.07	102	0.0059598	5.55922e-05	0.424042	0.0193022
1	0.07	103	0.00595223	5.55656e-05	0.42395	0.019346
1	0.07	104	0.00595248	5.50319e-05	0.424038	0.0191616
1	0.07	105	0.00595123	5.45218e-05	0.423911	0.0189878
1	0.07	106	0.00595585	5.42024e-05	0.42362	0.018877
1	0.07	107	0.00594502	5.47654e-05	0.424312	0.0190102
1	0.07	108	0.00594481	5.42587e-05	0.424087	0.0188381
1	0.07	109	0.00595003	5.4011e-05	0.423924	0.0187672
1	0.07	110	0.00595846	5.41737e-05	0.423331	0.0188058
1	0.07	111	0.00595769	5.3691e-05	0.423759	0.0186408
1	0.07	112	0.0059567	5.32208e-05	0.423701	0.0184783
1	0.07	113	0.00595486	5.27816e-05	0.423705	0.0183256
1	0.07	114	0.00595449	5.23199e-05	0.423763	0.0181645
1	0.07	115	0.00594404	5.28991e-05	0.424107	0.0183686
1	0.07	116	0.0059416	5.24994e-05	0.423862	0.0182491
1	0.07	117	0.00594062	5.20597e-05	0.423691	0.0181013
1	0.07	118	0.00594358	5.17023e-05	0.423456	0.0179765
1	0.07	119	0.00595189	5.19313e-05	0.423144	0.0180762
1	0.07	120	0.0059572	5.17696e-05	0.422482	0.0179963
1	0.07	121	0.00595594	5.13571e-05	0.422667	0.0178487
1	0.07	122	0.00595714	5.09502e-05	0.422481	0.0177073
1	0.07	123	0.0059527	5.07295e-05	0.422665	0.0176237
1	0.07	124	0.00596233	5.1227e-05	0.422607	0.0178866
1	0.07	125	0.00597398	5.21242e-05	0.421876	0.018169
1	0.07	126	0.00598149	5.22484e-05	0.421573	0.0182282
1	0.07	127	0.0059787	5.1911e-05	0.421522	0.0181167
1	0.07	128	0.0059718	5.19625e-05	0.421853	0.0181182
1	0.07	129	0.00597236	5.15627e-05	0.421506	0.0179828
1	0.07	130	0.0059722	5.11663e-05	0.421667	0.0178454
1	0.07	131	0.00597261	5.07774e-05	0.421606	0.0177102
1	0.07	132	0.00596702	5.07003e-05	0.422027	0.017656
1	0.07	133	0.00596572	5.03357e-05	0.422597	0.0175308
1	0.07	134	0.00596663	4.99684e-05	0.422176	0.017407
1	0.07	135	0.00596268	4.97545e-05	0.422338	0.0173266
1	0.07	136	0.00596422	4.94125e-05	0.422113	0.0172067
1	0.07	137	0.00596973	4.93587e-05	0.421939	0.017204
1	0.07	138	0.00597265	4.90874e-05	0.421608	0.0171047
1	0.07	139	0.00597108	4.87594e-05	0.421866	0.0169842
1	0.07	140	0.00596333	4.90236e-05	0.422039	0.0170906
1	0.07	141	0.00596198	4.86945e-05	0.422152	0.0169724
1	0.07	142	0.00597058	4.91051e-05	0.421941	0.0171574
1	0.07	143	0.00596984	4.87673e-05	0.422077	0.0170374
1	0.07	144	0.00597386	4.85935e-05	0.422329	0.0170291
1	0.07	145	0.00597171	4.83057e-05	0.422647	0.0169182
1	0.07	146	0.00597159	4.7975e-05	0.422635	0.0168022
1	0.07	147	0.005969	4.77182e-05	0.422829	0.0167041
1	0.07	148	0.00596393	4.76646e-05	0.42333	0.0166522
1	0.07	149	0.00595941	4.75586e-05	0.423767	0.0165887
1	0.07	150	0.0059569	4.73078e-05	0.423641	0.0165132
1	0.07	151	0.00595048	4.7427e-05	0.424057	0.016526
1	0.07	152	0.00594465	4.74726e-05	0.42445	0.0165158
1	0.07	153	0.00594834	4.73056e-05	0.424384	0.0164708
1	0.07	154	0.00595359	4.72893e-05	0.424491	0.0165164
1	0.07	155	0.00595294	4.69888e-05	0.42448	0.0164111
1	0.07	156	0.00595216	4.66941e-05	0.42431	0.0163131
1	0.07	157	0.0059488	4.65169e-05	0.424318	0.0162564
1	0.07	158	0.00595357	4.64661e-05	0.423916	0.0162275
1	0.07	159	0.00595141	4.62242e-05	0.423935	0.0161434
1	0.07	160	0.00594401	4.65234e-05	0.424426	0.0162089
1	0.07	161	0.00594077	4.63472e-05	0.425067	0.0161253
1	0.07	162	0.00594348	4.61403e-05	0.425442	0.0161025
1	0.07	163	0.0059503	4.63585e-05	0.425484	0.0162424
1	0.07	164	0.00594565	4.63079e-05	0.42574	0.0162108
1	0.07	165	0.00592785	4.93324e-05	0.554291	0.134494
1	0.07	166	0.00593116	4.91461e-05	0.553043	0.133712
1	0.07	167	0.00593565	4.90571e-05	0.552163	0.132959
1	0.07	168	0.0059314	4.89489e-05	0.551321	0.132208
1	0.07	169	0.00593149	4.86594e-05	0.550525	0.131428
1	0.07	170	0.00593155	4.83732e-05	0.549928	0.130656
1	0.07	171	0.00592909	4.81527e-05	0.549391	0.129905
1	0.07	172	0.0059275	4.78988e-05	0.548293	0.12916
1	0.07	173	0.00586404	7.91934e-05	1.23041	0.693684
1	0.07	174	0.00586616	7.87664e-05	1.22579	0.689722
1	0.07	175	0.00587323	7.8633e-05	1.22119	0.685867
1	0.07	176	0.00587508	7.82081e-05	1.21664	0.681992
1	0.07	177	0.00587714	7.77933e-05	1.21183	0.678164
1	0.07	178	0.0058744	7.74044e-05	1.20778	0.674373
1	0.07	179	0.0058765	7.70005e-05	1.2033	0.670628
1	0.07	180	0.00587837	7.65954e-05	1.19873	0.666925
1	0.07	181	0.00587873	7.61731e-05	1.19455	0.663255
1	0.07	182	0.00588208	7.58281e-05	1.19052	0.659642
1	0.07	183	0.00587972	7.54502e-05	1.18651	0.656054
1	0.07	184	0.00588073	7.50469e-05	1.18218	0.652505
1	0.07	185	0.0058803	7.46425e-05	1.17821	0.64899
1	0.07	186	0.00587971	7.42435e-05	1.17422	0.645513
1	0.07	187	0.00587755	7.38779e-05	1.17057	0.642075
1	0.07	188	0.00588314	7.36963e-05	1.16624	0.638723
1	0.07	189	0.00588414	7.33132e-05	1.16196	0.63536
1	0.07	190	0.00588143	7.29775e-05	1.15817	0.632035
1	0.07	191	0.00588262	7.26052e-05	1.15423	0.628741
1	0.07	192	0.0058851	7.22694e-05	1.15032	0.62549
1	0.07	193	0.00588462	7.18966e-05	1.14684	0.622259
1	0.07	194	0.00588409	7.1528e-05	1.14294	0.619064
1	0.07	195	0.00588588	7.11835e-05	1.13919	0.615907
1	0.07	196	0.00588506	7.08251e-05	1.1356	0.612775
1	0.07	197	0.00588088	7.05883e-05	1.13267	0.609691
1	0.07	198	0.0058773	7.03225e-05	1.12936	0.606634
1	0.07	199	0.00588026	7.00312e-05	1.12585	0.603612
1	0.07	200	0.00588361	6.9761e-05	1.12214	0.600625
