density	 t_tilde	 bins	 Energy	 EnVariance	 VarianceofTotE	 VarianceOfV 
1	0.012	1	-0.000943799	0	0.0787788	0
1	0.012	2	-0.000969082	1.78782e-05	0.0948345	0.0113457
1	0.012	3	-0.000870194	8.16172e-05	0.0799186	0.0143036
1	0.012	4	-0.000842084	6.58759e-05	0.0741007	0.011905
1	0.012	5	-0.000838274	5.28108e-05	0.0703895	0.0100459
1	0.012	6	-0.000842933	4.4214e-05	0.0742287	0.00902098
1	0.012	7	-0.000842845	3.78978e-05	0.0710245	0.00822074
1	0.012	8	-0.000829738	3.53545e-05	0.0666634	0.00827195
1	0.012	9	-0.000833006	3.15769e-05	0.065146	0.00745512
1	0.012	10	-0.000840071	2.91989e-05	0.0660376	0.00675203
1	0.012	11	-0.000849828	2.81274e-05	0.0669591	0.00617899
1	0.012	12	-0.000853457	2.60165e-05	0.0669779	0.00565552
1	0.012	13	-0.000854618	2.40411e-05	0.0656072	0.0053575
1	0.012	14	-0.000854174	2.2328e-05	0.0671037	0.00515476
1	0.012	15	-0.000852884	2.08767e-05	0.0678913	0.00485959
1	0.012	16	-0.000858806	2.03947e-05	0.068168	0.00454689
1	0.012	17	-0.000867097	2.08121e-05	0.0698426	0.00457189
1	0.012	18	-0.00086534	1.97299e-05	0.0697883	0.00431798
1	0.012	19	-0.000864501	1.87093e-05	0.0688168	0.00419119
1	0.012	20	-0.000866007	1.78344e-05	0.0689065	0.00398089
1	0.012	21	-0.000856474	1.93662e-05	0.0701063	0.00382528
1	0.012	22	-0.000858546	1.85964e-05	0.0720324	0.00407565
1	0.012	23	-0.000857994	1.7796e-05	0.0721827	0.00390051
1	0.012	24	-0.000855218	1.72696e-05	0.0725047	0.00374028
1	0.012	25	-0.000853114	1.67066e-05	0.0723438	0.00359396
1	0.012	26	-0.000852867	1.60658e-05	0.0722171	0.00345801
1	0.012	27	-0.00085224	1.5483e-05	0.0712628	0.00344889
1	0.012	28	-0.000849659	1.51437e-05	0.0708189	0.00335515
1	0.012	29	-0.000846133	1.50263e-05	0.0703515	0.003272
1	0.012	30	-0.000845636	1.45336e-05	0.0698461	0.00319929
1	0.012	31	-0.000844089	1.41469e-05	0.0697374	0.00309772
1	0.012	32	-0.000844375	1.37077e-05	0.0691135	0.00305464
1	0.012	33	-0.000842377	1.34371e-05	0.0681191	0.00311569
1	0.012	34	-0.000834957	1.49508e-05	0.0700419	0.00337507
1	0.012	35	-0.000837247	1.4698e-05	0.07024	0.00328174
1	0.012	36	-0.000834379	1.45668e-05	0.0699305	0.00320473
1	0.012	37	-0.000831586	1.44384e-05	0.0699257	0.00311309
1	0.012	38	-0.000832193	1.40712e-05	0.0694774	0.00305702
1	0.012	39	-0.000828045	1.43087e-05	0.0690872	0.00300084
1	0.012	40	-0.000827711	1.39549e-05	0.0684601	0.00298504
1	0.012	41	-0.000827036	1.36308e-05	0.0679734	0.00294978
1	0.012	42	-0.000827097	1.33064e-05	0.0672228	0.00296295
1	0.012	43	-0.000825838	1.30565e-05	0.0664638	0.00298625
1	0.012	44	-0.000824961	1.27891e-05	0.0671657	0.00298609
1	0.012	45	-0.000826866	1.26461e-05	0.0677068	0.00296742
1	0.012	46	-0.000825674	1.24272e-05	0.067136	0.00295636
1	0.012	47	-0.000826899	1.2223e-05	0.067102	0.00289134
1	0.012	48	-0.000826585	1.19724e-05	0.0666524	0.00286352
1	0.012	49	-0.000827249	1.17465e-05	0.0668119	0.00280927
1	0.012	50	-0.000828243	1.15535e-05	0.0669806	0.00275768
1	0.012	51	-0.000828649	1.13341e-05	0.0671957	0.00271158
1	0.012	52	-0.000828891	1.11187e-05	0.0671005	0.00266057
1	0.012	53	-0.000829605	1.09319e-05	0.0667863	0.00262412
1	0.012	54	-0.000830414	1.07593e-05	0.0668129	0.00257484
1	0.012	55	-0.000833102	1.08942e-05	0.0672723	0.00256711
1	0.012	56	-0.000830755	1.09496e-05	0.066989	0.00253626
1	0.012	57	-0.000829982	1.07847e-05	0.0666947	0.00250878
1	0.012	58	-0.000830527	1.06125e-05	0.0665718	0.00246705
1	0.012	59	-0.000828507	1.0623e-05	0.066278	0.00244272
1	0.012	60	-0.000830597	1.06495e-05	0.0662115	0.00239577
1	0.012	61	-0.000829282	1.05558e-05	0.0659955	0.00236652
1	0.012	62	-0.000828746	1.03991e-05	0.0656973	0.00234654
1	0.012	63	-0.000828408	1.02395e-05	0.06566	0.00230966
1	0.012	64	-0.000825312	1.05373e-05	0.0658155	0.00226321
1	0.012	65	-0.000823118	1.06012e-05	0.0655301	0.00224625
1	0.012	66	-0.000822635	1.04515e-05	0.0652171	0.00223298
1	0.012	67	-0.00082348	1.03296e-05	0.0650488	0.00220266
1	0.012	68	-0.00082495	1.02818e-05	0.0647954	0.00217615
1	0.012	69	-0.000823663	1.02129e-05	0.0644474	0.00217253
1	0.012	70	-0.000822573	1.0125e-05	0.0646946	0.00214995
1	0.012	71	-0.000821714	1.00188e-05	0.0644167	0.0021376
1	0.012	72	-0.000821442	9.88331e-06	0.0640158	0.00214226
1	0.012	73	-0.000821286	9.74916e-06	0.0639961	0.00211305
1	0.012	74	-0.000820987	9.62201e-06	0.0637215	0.00210123
1	0.012	75	-0.000821436	9.50418e-06	0.06402	0.00209313
1	0.012	76	-0.000820121	9.46958e-06	0.0637702	0.00208081
1	0.012	77	-0.000819433	9.37157e-06	0.0635627	0.00206423
1	0.012	78	-0.000820774	9.34691e-06	0.0633957	0.00203849
1	0.012	79	-0.000821121	9.23503e-06	0.0631084	0.00202922
1	0.012	80	-0.000821623	9.13322e-06	0.0631931	0.00200546
1	0.012	81	-0.000822551	9.06744e-06	0.0634108	0.00199219
1	0.012	82	-0.000821494	9.01827e-06	0.0636339	0.00197501
1	0.012	83	-0.000822131	8.9321e-06	0.0635619	0.00195111
1	0.012	84	-0.000820408	8.99038e-06	0.0631977	0.00196206
1	0.012	85	-0.000820791	8.89279e-06	0.0633204	0.00194265
1	0.012	86	-0.0008216	8.82607e-06	0.0632243	0.00192011
1	0.012	87	-0.000821361	8.72785e-06	0.0633813	0.00190327
1	0.012	88	-0.000821855	8.64264e-06	0.0635127	0.00188602
1	0.012	89	-0.000820522	8.64764e-06	0.0635215	0.00186263
1	0.012	90	-0.000819854	8.57734e-06	0.0633575	0.00184932
1	0.012	91	-0.000819784	8.48337e-06	0.0631941	0.00183557
1	0.012	92	-0.000818974	8.42972e-06	0.0633577	0.00181967
1	0.012	93	-0.000818722	8.34284e-06	0.0635262	0.00180645
1	0.012	94	-0.00081945	8.28576e-06	0.0634423	0.00178721
1	0.012	95	-0.000820121	8.2257e-06	0.0635708	0.00177282
1	0.012	96	-0.000821214	8.21225e-06	0.0637297	0.00176099
1	0.012	97	-0.000820304	8.17781e-06	0.0633073	0.00179148
1	0.012	98	-0.000819894	8.10462e-06	0.0631582	0.0017794
1	0.012	99	-0.000820274	8.03163e-06	0.0631547	0.0017611
1	0.012	100	-0.000819313	8.0086e-06	0.0630491	0.00174656
1	0.014	1	-0.000843339	0	0.074648	0
1	0.014	2	-0.000841383	1.38299e-06	0.0691202	0.00390873
1	0.014	3	-0.000833708	6.33418e-06	0.0586566	0.00893101
1	0.014	4	-0.000823506	1.00314e-05	0.0584509	0.00657013
1	0.014	5	-0.000838093	1.53169e-05	0.0554421	0.00552974
1	0.014	6	-0.000840491	1.29506e-05	0.0504328	0.00634791
1	0.014	7	-0.00083359	1.28081e-05	0.0517651	0.00549354
1	0.014	8	-0.000841037	1.31958e-05	0.0523929	0.00480821
1	0.014	9	-0.000846029	1.26386e-05	0.0519154	0.00425798
1	0.014	10	-0.000850561	1.21601e-05	0.0511129	0.00385797
1	0.014	11	-0.00085194	1.11325e-05	0.0509067	0.00350792
1	0.014	12	-0.000860164	1.28897e-05	0.0510722	0.00315765
1	0.014	13	-0.000861515	1.19687e-05	0.0505711	0.00294254
1	0.014	14	-0.000857857	1.16592e-05	0.0521175	0.00302088
1	0.014	15	-0.000860498	1.11771e-05	0.0526329	0.00286173
1	0.014	16	-0.000863071	1.07704e-05	0.0525604	0.00267374
1	0.014	17	-0.000861055	1.03237e-05	0.0536803	0.00269552
1	0.014	18	-0.000857581	1.03182e-05	0.0530787	0.00261166
1	0.014	19	-0.000858894	9.8583e-06	0.0519073	0.00268494
1	0.014	20	-0.000857732	9.43363e-06	0.0524601	0.00259443
1	0.014	21	-0.000853914	9.72632e-06	0.0532531	0.00253232
1	0.014	22	-0.000853664	9.28742e-06	0.0540424	0.00252417
1	0.014	23	-0.000845137	1.21846e-05	0.0548507	0.00238341
1	0.014	24	-0.000848473	1.21249e-05	0.0550438	0.00228533
1	0.014	25	-0.000849084	1.16553e-05	0.054679	0.00221622
1	0.014	26	-0.000849363	1.12104e-05	0.0556808	0.00232377
1	0.014	27	-0.000850297	1.0834e-05	0.0557783	0.00223919
1	0.014	28	-0.000852986	1.07755e-05	0.0555961	0.00215138
1	0.014	29	-0.000854025	1.04539e-05	0.055235	0.0020978
1	0.014	30	-0.000850097	1.08184e-05	0.0552635	0.00201069
1	0.014	31	-0.000849991	1.04699e-05	0.055447	0.00195289
1	0.014	32	-0.000851854	1.03072e-05	0.0564194	0.00210902
1	0.014	33	-0.000854383	1.03005e-05	0.0555026	0.00218056
1	0.014	34	-0.000852958	1.00957e-05	0.0551774	0.00214099
1	0.014	35	-0.000854206	9.88408e-06	0.0552503	0.00207967
1	0.014	36	-0.000851161	1.00676e-05	0.0558338	0.00206221
1	0.014	37	-0.000849949	9.86824e-06	0.0554324	0.00204489
1	0.014	38	-0.000852875	1.0033e-05	0.0550642	0.00199593
1	0.014	39	-0.000856049	1.02655e-05	0.0549932	0.00193006
1	0.014	40	-0.000854951	1.00674e-05	0.0550041	0.00188062
1	0.014	41	-0.00085381	9.88634e-06	0.0550985	0.00183422
1	0.014	42	-0.000852831	9.69931e-06	0.0551468	0.00178961
1	0.014	43	-0.000850702	9.7046e-06	0.0559212	0.00186265
1	0.014	44	-0.000850747	9.48415e-06	0.0554983	0.00186156
1	0.014	45	-0.000850069	9.29764e-06	0.0562438	0.0019404
1	0.014	46	-0.000852609	9.43633e-06	0.0560201	0.00189324
1	0.014	47	-0.000852666	9.23572e-06	0.0556615	0.00188227
1	0.014	48	-0.000853373	9.07033e-06	0.0554277	0.00185277
1	0.014	49	-0.000854395	8.94257e-06	0.0551264	0.00183063
1	0.014	50	-0.000854771	8.77161e-06	0.0547223	0.00183057
1	0.014	51	-0.0008514	9.2245e-06	0.0546993	0.00178151
1	0.014	52	-0.000852301	9.09101e-06	0.0549167	0.00176014
1	0.014	53	-0.000853405	8.98623e-06	0.0549122	0.00172491
1	0.014	54	-0.000855215	9.00017e-06	0.0555048	0.00178937
1	0.014	55	-0.000856565	8.9373e-06	0.0551667	0.00177557
1	0.014	56	-0.000856226	8.78414e-06	0.0550189	0.00174988
1	0.014	57	-0.000855132	8.69784e-06	0.0552348	0.00172616
1	0.014	58	-0.000854988	8.54908e-06	0.055086	0.00170233
1	0.014	59	-0.000853751	8.49321e-06	0.0551412	0.00167143
1	0.014	60	-0.000853691	8.35187e-06	0.0550203	0.00164751
1	0.014	61	-0.000853576	8.21574e-06	0.0547005	0.00164805
1	0.014	62	-0.000854956	8.19829e-06	0.0546306	0.00161814
1	0.014	63	-0.000857367	8.41529e-06	0.0547905	0.00159603
1	0.014	64	-0.000857067	8.28916e-06	0.0549924	0.0015812
1	0.014	65	-0.000858227	8.24247e-06	0.0549784	0.00155438
1	0.014	66	-0.000857831	8.12714e-06	0.0545749	0.00157816
1	0.014	67	-0.000857979	8.0072e-06	0.0544155	0.00156118
1	0.014	68	-0.00085681	7.97436e-06	0.0543504	0.00153882
1	0.014	69	-0.000857293	7.87338e-06	0.0545471	0.00152849
1	0.014	70	-0.000857847	7.78041e-06	0.0545033	0.00150619
1	0.014	71	-0.000857167	7.70054e-06	0.0541743	0.00151908
1	0.014	72	-0.000857394	7.59694e-06	0.0540221	0.00150395
1	0.014	73	-0.000856905	7.50863e-06	0.0540533	0.00148311
1	0.014	74	-0.000856714	7.40957e-06	0.054145	0.00146525
1	0.014	75	-0.000858454	7.5121e-06	0.0541419	0.00144026
1	0.014	76	-0.0008577	7.45096e-06	0.0537974	0.00146042
1	0.014	77	-0.000857986	7.35967e-06	0.053546	0.00145887
1	0.014	78	-0.00085746	7.28403e-06	0.0534494	0.00144349
1	0.014	79	-0.00085915	7.38507e-06	0.0534328	0.00141967
1	0.014	80	-0.000859056	7.29334e-06	0.053652	0.00141628
1	0.014	81	-0.000860892	7.43073e-06	0.0539016	0.0014197
1	0.014	82	-0.000860644	7.34423e-06	0.0538681	0.00140283
1	0.014	83	-0.000859695	7.31677e-06	0.0540838	0.00139548
1	0.014	84	-0.000859392	7.23594e-06	0.0541687	0.00138058
1	0.014	85	-0.000859428	7.15089e-06	0.0539671	0.00137697
1	0.014	86	-0.000860175	7.10675e-06	0.0538279	0.0013641
1	0.014	87	-0.000859561	7.05154e-06	0.0537672	0.00134976
1	0.014	88	-0.00086	6.98502e-06	0.0536774	0.00133587
1	0.014	89	-0.000861155	7.00142e-06	0.0536977	0.00131884
1	0.014	90	-0.000861728	6.94701e-06	0.0535169	0.00131231
1	0.014	91	-0.000861409	6.87797e-06	0.0535519	0.00129797
1	0.014	92	-0.000861158	6.80781e-06	0.053579	0.00128393
1	0.014	93	-0.00086252	6.86951e-06	0.0535867	0.00126673
1	0.014	94	-0.000861496	6.87228e-06	0.0532984	0.00128539
1	0.014	95	-0.000862932	6.94835e-06	0.0532163	0.00126793
1	0.014	96	-0.000863718	6.92031e-06	0.0532679	0.00125515
1	0.014	97	-0.000862361	6.98084e-06	0.0533319	0.00123901
1	0.014	98	-0.000862262	6.91031e-06	0.0535782	0.00124686
1	0.014	99	-0.000862557	6.84682e-06	0.0537485	0.00124504
1	0.014	100	-0.00086397	6.92265e-06	0.0539265	0.00124462
1	0.016	1	-0.000909518	0	0.0609684	0
1	0.016	2	-0.000894307	1.07558e-05	0.0582416	0.00193087
1	0.016	3	-0.00092644	2.71988e-05	0.0471267	0.00760099
1	0.016	4	-0.000892398	3.58509e-05	0.0526383	0.00637531
1	0.016	5	-0.000873311	3.33772e-05	0.0599439	0.00751585
1	0.016	6	-0.000868236	2.81974e-05	0.0594568	0.00628046
1	0.016	7	-0.000875462	2.50778e-05	0.058595	0.00538171
1	0.016	8	-0.000870453	2.24377e-05	0.0590239	0.00470518
1	0.016	9	-0.000873899	2.02074e-05	0.0557271	0.00504874
1	0.016	10	-0.000889797	2.36271e-05	0.0571341	0.00467635
1	0.016	11	-0.000892245	2.16057e-05	0.0567561	0.00425456
1	0.016	12	-0.000897572	2.04513e-05	0.055171	0.00408182
1	0.016	13	-0.000907321	2.10741e-05	0.0551532	0.00370432
1	0.016	14	-0.000908927	1.963e-05	0.0543904	0.00349546
1	0.016	15	-0.000902411	1.93728e-05	0.0547349	0.00323805
1	0.016	16	-0.000899045	1.84521e-05	0.053501	0.0032552
1	0.016	17	-0.000896187	1.75865e-05	0.0535113	0.0030596
1	0.016	18	-0.000876038	2.56774e-05	0.0551636	0.00279596
1	0.016	19	-0.000875436	2.4333e-05	0.054296	0.00275811
1	0.016	20	-0.000882846	2.42183e-05	0.053047	0.00273435
1	0.016	21	-0.000882562	2.30667e-05	0.05239	0.00266811
1	0.016	22	-0.000881423	2.20463e-05	0.0519776	0.00257643
1	0.016	23	-0.000882854	2.11341e-05	0.050934	0.0026146
1	0.016	24	-0.000880523	2.03817e-05	0.0510218	0.00250357
1	0.016	25	-0.0008858	2.02381e-05	0.0513291	0.00241458
1	0.016	26	-0.000885037	1.94741e-05	0.0514968	0.00232531
1	0.016	27	-0.000884089	1.87758e-05	0.0516159	0.00224055
1	0.016	28	-0.000885301	1.81444e-05	0.0525599	0.00232565
1	0.016	29	-0.000890401	1.82214e-05	0.0516531	0.00232109
1	0.016	30	-0.000894229	1.80117e-05	0.051195	0.00225077
1	0.016	31	-0.000896535	1.75776e-05	0.0510706	0.00217311
1	0.016	32	-0.00089297	1.73859e-05	0.0518476	0.00217949
1	0.016	33	-0.00089179	1.68991e-05	0.0511576	0.00220879
1	0.016	34	-0.000887407	1.69608e-05	0.0520891	0.00224682
1	0.016	35	-0.000889338	1.65857e-05	0.0517881	0.00218931
1	0.016	36	-0.000889559	1.61265e-05	0.0515613	0.0021374
1	0.016	37	-0.000890798	1.57382e-05	0.0508492	0.00216374
1	0.016	38	-0.00089079	1.5324e-05	0.051094	0.00211817
1	0.016	39	-0.000888192	1.51498e-05	0.0513344	0.00206405
1	0.016	40	-0.000887309	1.47967e-05	0.0512294	0.00201554
1	0.016	41	-0.000885903	1.45025e-05	0.0510032	0.00197963
1	0.016	42	-0.000886124	1.41589e-05	0.0511677	0.00193842
1	0.016	43	-0.00088335	1.40986e-05	0.0510173	0.00189811
1	0.016	44	-0.000885804	1.39901e-05	0.0506812	0.00186289
1	0.016	45	-0.000886007	1.36807e-05	0.0499941	0.00192137
1	0.016	46	-0.000886744	1.34031e-05	0.0496213	0.00190517
1	0.016	47	-0.000888045	1.31809e-05	0.0493034	0.00187926
1	0.016	48	-0.000887073	1.29421e-05	0.0491871	0.0018441
1	0.016	49	-0.000886775	1.26814e-05	0.0492061	0.00180651
1	0.016	50	-0.000889283	1.26734e-05	0.0490188	0.0017652
1	0.016	51	-0.000890376	1.24719e-05	0.0492088	0.00174026
1	0.016	52	-0.000891075	1.22517e-05	0.0495196	0.00173186
1	0.016	53	-0.000891319	1.20229e-05	0.0496191	0.00170173
1	0.016	54	-0.000891457	1.18011e-05	0.0495154	0.00167256
1	0.016	55	-0.000888988	1.18419e-05	0.0498282	0.00164996
1	0.016	56	-0.000889209	1.16325e-05	0.04997	0.00162585
1	0.016	57	-0.000889624	1.14358e-05	0.0496851	0.0016158
1	0.016	58	-0.000890049	1.12465e-05	0.0496734	0.00158756
1	0.016	59	-0.000890398	1.10613e-05	0.0495534	0.00156352
1	0.016	60	-0.000891598	1.09419e-05	0.049742	0.00154835
1	0.016	61	-0.000891135	1.07723e-05	0.0498403	0.00152476
1	0.016	62	-0.000892382	1.06705e-05	0.0499747	0.00150556
1	0.016	63	-0.000890841	1.06119e-05	0.0499301	0.00148116
1	0.016	64	-0.000890835	1.04461e-05	0.0497388	0.00146823
1	0.016	65	-0.000891683	1.03197e-05	0.0495712	0.0014501
1	0.016	66	-0.000893746	1.03676e-05	0.0496632	0.00142808
1	0.016	67	-0.000895526	1.03645e-05	0.0493803	0.00141702
1	0.016	68	-0.000894113	1.03079e-05	0.0491994	0.00140815
1	0.016	69	-0.000894699	1.01751e-05	0.0489832	0.0013986
1	0.016	70	-0.000894046	1.00506e-05	0.0492978	0.00140376
1	0.016	71	-0.000891658	1.01889e-05	0.0493406	0.0013768
1	0.016	72	-0.000892652	1.00957e-05	0.0493388	0.00135616
1	0.016	73	-0.000890881	1.01114e-05	0.0495394	0.00134036
1	0.016	74	-0.000890347	9.98886e-06	0.0497907	0.00133891
1	0.016	75	-0.000889751	9.87347e-06	0.0497706	0.00132116
1	0.016	76	-0.000891449	9.88846e-06	0.0497462	0.0012992
1	0.016	77	-0.000892379	9.80374e-06	0.049461	0.00130157
1	0.016	78	-0.000891473	9.71987e-06	0.0495466	0.00128504
1	0.016	79	-0.000890849	9.61684e-06	0.049927	0.00130965
1	0.016	80	-0.000891032	9.49838e-06	0.0498165	0.00129665
1	0.016	81	-0.000891849	9.41616e-06	0.0497213	0.00128098
1	0.016	82	-0.000891721	9.3022e-06	0.0495145	0.00127955
1	0.016	83	-0.00089263	9.23442e-06	0.0495284	0.0012631
1	0.016	84	-0.000893361	9.15335e-06	0.0493417	0.00125588
1	0.016	85	-0.000893493	9.04662e-06	0.0492619	0.00124293
1	0.016	86	-0.000893928	8.95191e-06	0.0496372	0.00127717
1	0.016	87	-0.000895179	8.93599e-06	0.0497324	0.00126521
1	0.016	88	-0.000893365	9.01664e-06	0.0497502	0.00124644
1	0.016	89	-0.000893834	8.92751e-06	0.0496177	0.0012366
1	0.016	90	-0.000892909	8.87617e-06	0.049641	0.00122173
1	0.016	91	-0.000893154	8.78201e-06	0.0495955	0.00120863
1	0.016	92	-0.000892059	8.75451e-06	0.0497597	0.00119977
1	0.016	93	-0.000891686	8.6683e-06	0.0498506	0.00118894
1	0.016	94	-0.000891708	8.57611e-06	0.0497726	0.00117836
1	0.016	95	-0.000891092	8.5079e-06	0.0499425	0.00117354
1	0.016	96	-0.00089176	8.4454e-06	0.0499212	0.00116037
1	0.016	97	-0.000890978	8.39444e-06	0.0498524	0.00115055
1	0.016	98	-0.00089243	8.43349e-06	0.0499143	0.00113866
1	0.016	99	-0.000892251	8.35021e-06	0.0500533	0.00113359
1	0.016	100	-0.000892315	8.26695e-06	0.0498797	0.00113288
1	0.018	1	-0.000981811	0	0.0352367	0
1	0.018	2	-0.000933061	3.44715e-05	0.0388398	0.000412343
1	0.018	3	-0.000904466	3.27606e-05	0.0404219	0.000170232
1	0.018	4	-0.000901708	2.46862e-05	0.0446484	0.00296084
1	0.018	5	-0.000907778	2.04815e-05	0.0478353	0.00360784
1	0.018	6	-0.000900821	1.8211e-05	0.0461865	0.00336335
1	0.018	7	-0.000904117	1.59049e-05	0.0457624	0.00288607
1	0.018	8	-0.000911279	1.54453e-05	0.0438112	0.00289637
1	0.018	9	-0.000908383	1.3998e-05	0.0435559	0.00258518
1	0.018	10	-0.000905286	1.29363e-05	0.0458519	0.00303247
1	0.018	11	-0.000914434	1.46417e-05	0.0444469	0.00284923
1	0.018	12	-0.000907767	1.48622e-05	0.0447883	0.00257495
1	0.018	13	-0.000906353	1.37861e-05	0.0458526	0.00254364
1	0.018	14	-0.000912004	1.39116e-05	0.0457346	0.00232683
1	0.018	15	-0.000917221	1.3928e-05	0.0441257	0.00250057
1	0.018	16	-0.000918681	1.31338e-05	0.0439952	0.00234265
1	0.018	17	-0.000919279	1.23748e-05	0.0440621	0.00220551
1	0.018	18	-0.000914928	1.24285e-05	0.0442701	0.00206358
1	0.018	19	-0.000913149	1.1901e-05	0.0442805	0.00195225
1	0.018	20	-0.000914645	1.13996e-05	0.0440659	0.00185751
1	0.018	21	-0.000913365	1.09283e-05	0.0438099	0.00178698
1	0.018	22	-0.000916256	1.08072e-05	0.0435453	0.00170096
1	0.018	23	-0.00091168	1.12646e-05	0.0440257	0.00162973
1	0.018	24	-0.000909733	1.09622e-05	0.0443445	0.00157474
1	0.018	25	-0.000912426	1.08493e-05	0.0442551	0.00150111
1	0.018	26	-0.000903872	1.33859e-05	0.045476	0.00159823
1	0.018	27	-0.00090235	1.29764e-05	0.0456009	0.00153873
1	0.018	28	-0.00090347	1.25611e-05	0.0455843	0.00148196
1	0.018	29	-0.000901289	1.23158e-05	0.0460931	0.00147865
1	0.018	30	-0.000907449	1.33572e-05	0.0457276	0.00139284
1	0.018	31	-0.000908321	1.29547e-05	0.0456208	0.00134852
1	0.018	32	-0.000908049	1.25528e-05	0.0453267	0.00133253
1	0.018	33	-0.000905543	1.242e-05	0.0453938	0.00128581
1	0.018	34	-0.000908033	1.23017e-05	0.0452021	0.00124385
1	0.018	35	-0.000906402	1.20578e-05	0.0453983	0.00121252
1	0.018	36	-0.000906536	1.17236e-05	0.045166	0.00119527
1	0.018	37	-0.000907647	1.14593e-05	0.0447614	0.00120506
1	0.018	38	-0.000910797	1.15824e-05	0.0443424	0.00119334
1	0.018	39	-0.000908268	1.15583e-05	0.0447604	0.00119322
1	0.018	40	-0.000911407	1.16879e-05	0.0444629	0.00116319
1	0.018	41	-0.000914115	1.17124e-05	0.0444257	0.00112517
1	0.018	42	-0.000916419	1.16578e-05	0.0440237	0.00112783
1	0.018	43	-0.000913607	1.17209e-05	0.0444747	0.00113744
1	0.018	44	-0.000915112	1.15507e-05	0.0444784	0.00110894
1	0.018	45	-0.000914848	1.1297e-05	0.0446889	0.00109833
1	0.018	46	-0.00091426	1.10667e-05	0.0449152	0.00108929
1	0.018	47	-0.000912905	1.09139e-05	0.0451141	0.00107292
1	0.018	48	-0.000913665	1.0713e-05	0.0451334	0.00105014
1	0.018	49	-0.000913477	1.0496e-05	0.0452413	0.00103253
1	0.018	50	-0.000913174	1.02905e-05	0.0454082	0.00102106
1	0.018	51	-0.000912977	1.00906e-05	0.0454026	0.0010011
1	0.018	52	-0.000912466	9.90949e-06	0.0454139	0.000981635
1	0.018	53	-0.000912645	9.72413e-06	0.0453706	0.00096357
1	0.018	54	-0.000911781	9.58234e-06	0.0455838	0.000958765
1	0.018	55	-0.000911194	9.42609e-06	0.0456138	0.000941039
1	0.018	56	-0.00091183	9.2792e-06	0.0453036	0.000957579
1	0.018	57	-0.000912049	9.11899e-06	0.0451008	0.000956142
1	0.018	58	-0.000910495	9.09311e-06	0.0454946	0.000984343
1	0.018	59	-0.000910458	8.93907e-06	0.0456425	0.000976224
1	0.018	60	-0.00090868	8.96528e-06	0.0458807	0.000968965
1	0.018	61	-0.000908825	8.81948e-06	0.0458894	0.000953073
1	0.018	62	-0.000908842	8.67724e-06	0.0459184	0.000938051
1	0.018	63	-0.000908645	8.54174e-06	0.0458564	0.000925071
1	0.018	64	-0.00090903	8.41695e-06	0.0457023	0.000918842
1	0.018	65	-0.00090914	8.28817e-06	0.0457198	0.000904838
1	0.018	66	-0.000909325	8.16466e-06	0.045671	0.000891828
1	0.018	67	-0.00090851	8.08342e-06	0.045836	0.000886212
1	0.018	68	-0.000908782	7.96913e-06	0.0458485	0.000873159
1	0.018	69	-0.000906739	8.11127e-06	0.0461582	0.000880944
1	0.018	70	-0.000907017	8.00017e-06	0.0459948	0.00087882
1	0.018	71	-0.00090655	7.90115e-06	0.0460764	0.000868209
1	0.018	72	-0.00090869	8.07626e-06	0.0458566	0.000858129
1	0.018	73	-0.000906802	8.18349e-06	0.0459478	0.000840951
1	0.018	74	-0.000905791	8.13512e-06	0.0460322	0.000829373
1	0.018	75	-0.000904864	8.07923e-06	0.0462084	0.000827268
1	0.018	76	-0.000905929	8.04274e-06	0.0460938	0.000817258
1	0.018	77	-0.00090633	7.94832e-06	0.0459432	0.000815307
1	0.018	78	-0.000906651	7.85289e-06	0.0458722	0.00080637
1	0.018	79	-0.000906313	7.76078e-06	0.0458914	0.000796072
1	0.018	80	-0.00090646	7.66518e-06	0.0458454	0.000786886
1	0.018	81	-0.000904726	7.76429e-06	0.0459467	0.000773084
1	0.018	82	-0.000905871	7.7536e-06	0.0457385	0.000775889
1	0.018	83	-0.000906116	7.66405e-06	0.0456536	0.000769359
1	0.018	84	-0.000906127	7.57282e-06	0.0456261	0.000760569
1	0.018	85	-0.000906456	7.4909e-06	0.0455217	0.00075585
1	0.018	86	-0.000907177	7.43836e-06	0.045426	0.000748679
1	0.018	87	-0.00090673	7.36624e-06	0.0454733	0.000740379
1	0.018	88	-0.000906247	7.29836e-06	0.0454988	0.000731677
1	0.018	89	-0.000905469	7.25768e-06	0.0458289	0.000770845
1	0.018	90	-0.000905674	7.17991e-06	0.0459185	0.00076677
1	0.018	91	-0.000904671	7.17064e-06	0.046135	0.000774154
1	0.018	92	-0.000904956	7.09833e-06	0.0461686	0.000766404
1	0.018	93	-0.000905547	7.04659e-06	0.0459423	0.00077936
1	0.018	94	-0.00090514	6.98336e-06	0.0460363	0.000774206
1	0.018	95	-0.00090569	6.93141e-06	0.0459431	0.000768301
1	0.018	96	-0.000904488	6.96259e-06	0.045998	0.000757695
1	0.018	97	-0.000903537	6.95543e-06	0.0460846	0.000749951
1	0.018	98	-0.000903585	6.88462e-06	0.0462598	0.000758471
1	0.018	99	-0.000903392	6.81778e-06	0.0462633	0.000750776
1	0.018	100	-0.000903147	6.754e-06	0.0463768	0.000749105
1	0.02	1	-0.00105257	0	0.025785	0
1	0.02	2	-0.000961136	6.46571e-05	0.0374562	0.00408326
1	0.02	3	-0.000927066	5.13017e-05	0.0464431	0.00609649
1	0.02	4	-0.000914141	4.00713e-05	0.0460084	0.00458512
1	0.02	5	-0.000885644	4.09554e-05	0.0514133	0.00498311
1	0.02	6	-0.000888479	3.42275e-05	0.050103	0.0042673
1	0.02	7	-0.000899054	3.09283e-05	0.0480529	0.00387973
1	0.02	8	-0.000889677	2.84482e-05	0.0482291	0.00336369
1	0.02	9	-0.000882314	2.62227e-05	0.0486696	0.00297512
1	0.02	10	-0.000883743	2.36393e-05	0.0481088	0.00271133
1	0.02	11	-0.000891695	2.27887e-05	0.047688	0.00242659
1	0.02	12	-0.000888507	2.11115e-05	0.0479286	0.00222362
1	0.02	13	-0.000890595	1.95905e-05	0.0479861	0.0020507
1	0.02	14	-0.000882615	1.97498e-05	0.0489071	0.00195282
1	0.02	15	-0.000888537	1.93007e-05	0.048587	0.00179814
1	0.02	16	-0.000887282	1.81352e-05	0.0491771	0.00174933
1	0.02	17	-0.000880595	1.82599e-05	0.0509059	0.00208252
1	0.02	18	-0.000877327	1.75353e-05	0.0512585	0.00197311
1	0.02	19	-0.000881684	1.71451e-05	0.049948	0.0021196
1	0.02	20	-0.000883093	1.63456e-05	0.0497027	0.00201919
1	0.02	21	-0.000883477	1.55717e-05	0.0495654	0.0019259
1	0.02	22	-0.000889903	1.61355e-05	0.0488658	0.00185284
1	0.02	23	-0.000882506	1.70454e-05	0.0499693	0.00189336
1	0.02	24	-0.000883373	1.63572e-05	0.0501078	0.00181896
1	0.02	25	-0.000878441	1.64294e-05	0.051101	0.00188046
1	0.02	26	-0.000878201	1.57993e-05	0.0509514	0.00181341
1	0.02	27	-0.000877458	1.52316e-05	0.0509439	0.0017463
1	0.02	28	-0.000879519	1.48264e-05	0.0507523	0.00168294
1	0.02	29	-0.000872428	1.59209e-05	0.0516623	0.00169734
1	0.02	30	-0.000871149	1.54415e-05	0.05212	0.00168075
1	0.02	31	-0.000873649	1.51444e-05	0.0515921	0.00166809
1	0.02	32	-0.000873946	1.46741e-05	0.0516405	0.00161651
1	0.02	33	-0.000868515	1.52013e-05	0.0525661	0.00168313
1	0.02	34	-0.000869981	1.48248e-05	0.0523772	0.00163602
1	0.02	35	-0.000865583	1.50396e-05	0.0529789	0.00162769
1	0.02	36	-0.000866246	1.46364e-05	0.0529082	0.0015824
1	0.02	37	-0.000866166	1.42411e-05	0.0529294	0.00153975
1	0.02	38	-0.000866553	1.38716e-05	0.0528267	0.00150107
1	0.02	39	-0.000867722	1.35651e-05	0.05264	0.00146687
1	0.02	40	-0.000869652	1.33624e-05	0.0523923	0.00143548
1	0.02	41	-0.000871154	1.31208e-05	0.052313	0.00139779
1	0.02	42	-0.000874903	1.33332e-05	0.0520305	0.00135653
1	0.02	43	-0.000871861	1.33656e-05	0.0524396	0.00134605
1	0.02	44	-0.000873251	1.31339e-05	0.0522208	0.00132205
1	0.02	45	-0.000871731	1.29297e-05	0.0524173	0.00129769
1	0.02	46	-0.000871653	1.26488e-05	0.0524106	0.00126953
1	0.02	47	-0.000873504	1.25144e-05	0.0522033	0.0012452
1	0.02	48	-0.000875742	1.24522e-05	0.0519308	0.00122614
1	0.02	49	-0.000877563	1.23304e-05	0.0517506	0.00120174
1	0.02	50	-0.000874988	1.23498e-05	0.0520545	0.00118799
1	0.02	51	-0.000877504	1.23613e-05	0.0516604	0.00118962
1	0.02	52	-0.00087907	1.22224e-05	0.0513525	0.00118547
1	0.02	53	-0.000879553	1.20013e-05	0.0514084	0.00116422
1	0.02	54	-0.000877611	1.19351e-05	0.0516471	0.00114995
1	0.02	55	-0.000874939	1.20134e-05	0.0519009	0.00113206
1	0.02	56	-0.000873738	1.18588e-05	0.0519826	0.00111135
1	0.02	57	-0.000874084	1.16558e-05	0.0518233	0.00109924
1	0.02	58	-0.000875673	1.15627e-05	0.0516141	0.0010859
1	0.02	59	-0.00087505	1.13835e-05	0.0517268	0.00107041
1	0.02	60	-0.000874318	1.12172e-05	0.0518607	0.00105673
1	0.02	61	-0.000875101	1.10606e-05	0.0517104	0.00104426
1	0.02	62	-0.000874364	1.09067e-05	0.0519222	0.00104027
1	0.02	63	-0.000874733	1.07399e-05	0.0518768	0.0010239
1	0.02	64	-0.000873113	1.06935e-05	0.0521516	0.00102442
1	0.02	65	-0.000873644	1.05422e-05	0.0519804	0.00101723
1	0.02	66	-0.000874576	1.04236e-05	0.0517505	0.00101587
1	0.02	67	-0.00087424	1.02734e-05	0.0518269	0.00100236
1	0.02	68	-0.000874755	1.01352e-05	0.0516663	0.000995261
1	0.02	69	-0.000875888	1.00515e-05	0.0514543	0.000991121
1	0.02	70	-0.000876677	9.93879e-06	0.0512179	0.000993541
1	0.02	71	-0.000879475	1.01849e-05	0.0508417	0.00100126
1	0.02	72	-0.000878663	1.00757e-05	0.0509522	0.000989617
1	0.02	73	-0.000878129	9.95185e-06	0.0510036	0.000976333
1	0.02	74	-0.000880282	1.00475e-05	0.0507483	0.000970505
1	0.02	75	-0.000879787	9.92565e-06	0.0509125	0.000966263
1	0.02	76	-0.000880436	9.81625e-06	0.0507606	0.00095979
1	0.02	77	-0.0008813	9.72669e-06	0.0506435	0.000949373
1	0.02	78	-0.000879431	9.77983e-06	0.0507939	0.000936447
1	0.02	79	-0.000879171	9.6595e-06	0.0508544	0.000925726
1	0.02	80	-0.000877197	9.7384e-06	0.0509995	0.00091227
1	0.02	81	-0.0008745	9.98451e-06	0.051251	0.000903999
1	0.02	82	-0.000874231	9.86637e-06	0.0513317	0.000895193
1	0.02	83	-0.000874137	9.74795e-06	0.0513816	0.000885372
1	0.02	84	-0.000874582	9.64207e-06	0.0512983	0.000876532
1	0.02	85	-0.000876119	9.65027e-06	0.0510861	0.000874449
1	0.02	86	-0.000877111	9.58891e-06	0.0510886	0.000862925
1	0.02	87	-0.000877435	9.48417e-06	0.0510193	0.000854325
1	0.02	88	-0.000879131	9.52693e-06	0.0507629	0.000858704
1	0.02	89	-0.000879304	9.42146e-06	0.0507482	0.000848999
1	0.02	90	-0.000878425	9.35772e-06	0.0509016	0.00084595
1	0.02	91	-0.000877572	9.29369e-06	0.0510918	0.000848041
1	0.02	92	-0.000877845	9.19667e-06	0.0511461	0.000840354
1	0.02	93	-0.000876161	9.25052e-06	0.051294	0.000831907
1	0.02	94	-0.000874977	9.22767e-06	0.0513806	0.000822507
1	0.02	95	-0.000875985	9.18548e-06	0.0512432	0.000817365
1	0.02	96	-0.000876345	9.09683e-06	0.0512013	0.000809004
1	0.02	97	-0.000873832	9.34355e-06	0.0516421	0.000853393
1	0.02	98	-0.000873343	9.26102e-06	0.0517623	0.000849477
1	0.02	99	-0.000872698	9.18992e-06	0.0518981	0.000846615
1	0.02	100	-0.000871396	9.18975e-06	0.0520364	0.000840512
1	0.022	1	-0.000770129	0	0.0716095	0
1	0.022	2	-0.000840261	4.95905e-05	0.0596495	0.00578315
1	0.022	3	-0.00086825	4.01904e-05	0.0534641	0.00535007
1	0.022	4	-0.000889833	3.54677e-05	0.0495976	0.00458854
1	0.022	5	-0.000883754	2.88905e-05	0.0497366	0.00366166
1	0.022	6	-0.000870166	2.70826e-05	0.0514575	0.00316821
1	0.022	7	-0.000837374	3.82174e-05	0.0547808	0.00299717
1	0.022	8	-0.000817867	3.80949e-05	0.0568868	0.00281421
1	0.022	9	-0.000804266	3.62088e-05	0.058497	0.00265232
1	0.022	10	-0.000792626	3.44081e-05	0.0601892	0.00260905
1	0.022	11	-0.000805557	3.36223e-05	0.0585664	0.00252406
1	0.022	12	-0.000814114	3.18906e-05	0.0574064	0.00240159
1	0.022	13	-0.000824457	3.10698e-05	0.0559165	0.00238078
1	0.022	14	-0.000819732	2.92077e-05	0.0567528	0.00228264
1	0.022	15	-0.000817208	2.73694e-05	0.0572129	0.0021548
1	0.022	16	-0.000820496	2.58555e-05	0.057481	0.00203397
1	0.022	17	-0.000824777	2.46866e-05	0.0568794	0.00194434
1	0.022	18	-0.000819969	2.37788e-05	0.0577726	0.00193676
1	0.022	19	-0.000820024	2.25273e-05	0.0580149	0.00184628
1	0.022	20	-0.000812704	2.2559e-05	0.058927	0.00183066
1	0.022	21	-0.000821312	2.30688e-05	0.0579015	0.0018213
1	0.022	22	-0.000819714	2.20755e-05	0.0583398	0.00176995
1	0.022	23	-0.000827308	2.23839e-05	0.0578359	0.00167219
1	0.022	24	-0.000830188	2.16358e-05	0.0575352	0.00160631
1	0.022	25	-0.000828421	2.08424e-05	0.0575859	0.00154131
1	0.022	26	-0.000829051	2.00503e-05	0.057347	0.00149299
1	0.022	27	-0.000827515	1.93664e-05	0.0575261	0.00144171
1	0.022	28	-0.000832846	1.93946e-05	0.0566624	0.00149436
1	0.022	29	-0.00083417	1.8771e-05	0.056415	0.00145178
1	0.022	30	-0.00084125	1.94347e-05	0.055542	0.00147741
1	0.022	31	-0.000839254	1.891e-05	0.0558125	0.00143967
1	0.022	32	-0.000834496	1.89084e-05	0.0562906	0.00141201
1	0.022	33	-0.000833977	1.83425e-05	0.0562462	0.00137023
1	0.022	34	-0.000831511	1.7968e-05	0.0568173	0.00139346
1	0.022	35	-0.000836256	1.80704e-05	0.0562802	0.00137762
1	0.022	36	-0.000841566	1.8332e-05	0.0555379	0.0014078
1	0.022	37	-0.000841152	1.78412e-05	0.0555982	0.00137049
1	0.022	38	-0.000838664	1.75443e-05	0.0561257	0.00138684
1	0.022	39	-0.00083869	1.70944e-05	0.0559378	0.00136061
1	0.022	40	-0.000835194	1.70208e-05	0.0562258	0.00132888
1	0.022	41	-0.000836971	1.66981e-05	0.0559627	0.00130573
1	0.022	42	-0.000840162	1.66026e-05	0.0556879	0.00127452
1	0.022	43	-0.000835741	1.67946e-05	0.0562505	0.0012867
1	0.022	44	-0.000829759	1.7446e-05	0.0571103	0.00136623
1	0.022	45	-0.00082637	1.73844e-05	0.05752	0.00135616
1	0.022	46	-0.000824889	1.70694e-05	0.0576471	0.00132788
1	0.022	47	-0.00082205	1.69408e-05	0.0580615	0.00132646
1	0.022	48	-0.000820994	1.66207e-05	0.0582533	0.00130599
1	0.022	49	-0.000822712	1.637e-05	0.0579725	0.00129165
1	0.022	50	-0.000822695	1.60426e-05	0.0579809	0.00126584
1	0.022	51	-0.000820849	1.58338e-05	0.0583062	0.00126134
1	0.022	52	-0.000818689	1.5676e-05	0.05875	0.00127777
1	0.022	53	-0.000821478	1.56265e-05	0.0584296	0.00126327
1	0.022	54	-0.000816766	1.60318e-05	0.0590454	0.0012933
1	0.022	55	-0.000816081	1.57549e-05	0.0590357	0.00126997
1	0.022	56	-0.000819195	1.57782e-05	0.0586885	0.00125799
1	0.022	57	-0.000822299	1.58038e-05	0.0583245	0.00124942
1	0.022	58	-0.00082446	1.56784e-05	0.0580152	0.0012415
1	0.022	59	-0.000824244	1.54142e-05	0.0579962	0.00122071
1	0.022	60	-0.000823981	1.51595e-05	0.0580095	0.00120045
1	0.022	61	-0.000825538	1.49907e-05	0.0577711	0.00118978
1	0.022	62	-0.000827729	1.49082e-05	0.057445	0.00118736
1	0.022	63	-0.000828564	1.46949e-05	0.0573103	0.00117142
1	0.022	64	-0.000826594	1.45967e-05	0.0575434	0.00116074
1	0.022	65	-0.000826784	1.43734e-05	0.0575132	0.00114296
1	0.022	66	-0.000826782	1.41556e-05	0.0575873	0.00112743
1	0.022	67	-0.000827232	1.39515e-05	0.0574837	0.00111297
1	0.022	68	-0.000825588	1.38427e-05	0.0577561	0.00111205
1	0.022	69	-0.000827054	1.37195e-05	0.0575046	0.0011082
1	0.022	70	-0.000826491	1.3535e-05	0.0576572	0.00109866
1	0.022	71	-0.000824225	1.35327e-05	0.0580773	0.00112238
1	0.022	72	-0.000823247	1.338e-05	0.0582641	0.0011149
1	0.022	73	-0.00082434	1.32413e-05	0.0580765	0.00110638
1	0.022	74	-0.000824229	1.30628e-05	0.0580126	0.001093
1	0.022	75	-0.000822998	1.29465e-05	0.0581371	0.00108027
1	0.022	76	-0.000822469	1.2787e-05	0.0581313	0.00106613
1	0.022	77	-0.000822989	1.26315e-05	0.0580059	0.00105617
1	0.022	78	-0.000822674	1.24735e-05	0.0579692	0.00104338
1	0.022	79	-0.000823459	1.23403e-05	0.0578665	0.00103159
1	0.022	80	-0.000822478	1.2225e-05	0.0579987	0.00102213
1	0.022	81	-0.000822575	1.20745e-05	0.057973	0.00100966
1	0.022	82	-0.000822852	1.19304e-05	0.0580122	0.000997972
1	0.022	83	-0.000820168	1.20847e-05	0.0583136	0.000998736
1	0.022	84	-0.000818931	1.20039e-05	0.0584096	0.000987123
1	0.022	85	-0.000819526	1.18774e-05	0.0583182	0.000977057
1	0.022	86	-0.000820665	1.17938e-05	0.058124	0.000974065
1	0.022	87	-0.000821239	1.16722e-05	0.0580245	0.000965012
1	0.022	88	-0.000821636	1.15463e-05	0.0580089	0.000953724
1	0.022	89	-0.00082302	1.14992e-05	0.0578106	0.000950476
1	0.022	90	-0.000823883	1.14038e-05	0.0577295	0.000940045
1	0.022	91	-0.000824427	1.12915e-05	0.057663	0.000930238
1	0.022	92	-0.00082465	1.1171e-05	0.0576122	0.000920795
1	0.022	93	-0.000825925	1.11233e-05	0.0574717	0.000913063
1	0.022	94	-0.000828041	1.12045e-05	0.0572407	0.000909518
1	0.022	95	-0.000827193	1.11187e-05	0.057377	0.000904658
1	0.022	96	-0.0008281	1.10398e-05	0.0572592	0.000897502
1	0.022	97	-0.000829285	1.09894e-05	0.0571145	0.000891384
1	0.022	98	-0.000830287	1.09229e-05	0.0569659	0.000886855
1	0.022	99	-0.000831124	1.08445e-05	0.0568358	0.000881583
1	0.022	100	-0.000830718	1.07437e-05	0.0568999	0.000873895
1	0.024	1	-0.000830312	0	0.0580685	0
1	0.024	2	-0.000831824	1.06946e-06	0.0557004	0.00161624
1	0.024	3	-0.000770621	4.99769e-05	0.0626976	0.00327386
1	0.024	4	-0.000763142	3.80382e-05	0.0660875	0.00343768
1	0.024	5	-0.000755639	3.11617e-05	0.0673527	0.00286962
1	0.024	6	-0.00075333	2.60535e-05	0.0672331	0.00239549
1	0.024	7	-0.000742658	2.44197e-05	0.0677014	0.00201729
1	0.024	8	-0.000732582	2.33535e-05	0.0692551	0.00203241
1	0.024	9	-0.000740537	2.20719e-05	0.0681719	0.00191771
1	0.024	10	-0.000757637	2.5647e-05	0.0657686	0.00226433
1	0.024	11	-0.00074875	2.48075e-05	0.0666113	0.00209481
1	0.024	12	-0.000758157	2.44589e-05	0.0652674	0.00208942
1	0.024	13	-0.000763784	2.32158e-05	0.0648793	0.00191991
1	0.024	14	-0.000768946	2.21239e-05	0.0643018	0.00180461
1	0.024	15	-0.000773502	2.11129e-05	0.0638206	0.00169765
1	0.024	16	-0.00078331	2.19534e-05	0.062606	0.00172862
1	0.024	17	-0.000778863	2.11076e-05	0.0631691	0.00166217
1	0.024	18	-0.000766411	2.33201e-05	0.0648403	0.00187547
1	0.024	19	-0.000767404	2.21138e-05	0.0647657	0.00177601
1	0.024	20	-0.000772356	2.15554e-05	0.063996	0.00175737
1	0.024	21	-0.000769672	2.06953e-05	0.0641223	0.00167203
1	0.024	22	-0.000775023	2.04346e-05	0.06348	0.00163306
1	0.024	23	-0.000771223	1.98963e-05	0.06387	0.0015756
1	0.024	24	-0.000769673	1.91275e-05	0.06397	0.00151029
1	0.024	25	-0.000768985	1.83748e-05	0.0639375	0.00145061
1	0.024	26	-0.000765302	1.80334e-05	0.0643044	0.00140733
1	0.024	27	-0.000761902	1.76832e-05	0.0646389	0.00136587
1	0.024	28	-0.000763175	1.70974e-05	0.0644193	0.00132497
1	0.024	29	-0.00076266	1.65156e-05	0.0646762	0.00129626
1	0.024	30	-0.000758202	1.65559e-05	0.0651969	0.0012891
1	0.024	31	-0.000758584	1.60262e-05	0.0650942	0.00124976
1	0.024	32	-0.000758637	1.55255e-05	0.0651678	0.00121237
1	0.024	33	-0.000761532	1.53227e-05	0.0647823	0.00119793
1	0.024	34	-0.000764752	1.52066e-05	0.0643747	0.00118623
1	0.024	35	-0.000764351	1.47774e-05	0.0642868	0.00115546
1	0.024	36	-0.000764294	1.4367e-05	0.0642925	0.0011234
1	0.024	37	-0.000765987	1.40781e-05	0.0640415	0.00110436
1	0.024	38	-0.000770456	1.43998e-05	0.0636713	0.00107842
1	0.024	39	-0.000774035	1.44683e-05	0.0632492	0.00107563
1	0.024	40	-0.00077506	1.41429e-05	0.0631663	0.00104846
1	0.024	41	-0.000777531	1.40121e-05	0.0629003	0.0010309
1	0.024	42	-0.000776894	1.36929e-05	0.0630287	0.0010108
1	0.024	43	-0.000777559	1.33906e-05	0.0628856	0.000992428
1	0.024	44	-0.000781644	1.36954e-05	0.0623889	0.00100901
1	0.024	45	-0.000784325	1.36509e-05	0.0621465	0.000989773
1	0.024	46	-0.000781927	1.3563e-05	0.062527	0.00100137
1	0.024	47	-0.000782076	1.32753e-05	0.0625447	0.000980154
1	0.024	48	-0.000783566	1.30821e-05	0.0622766	0.000976815
1	0.024	49	-0.000787034	1.32667e-05	0.0618176	0.000994829
1	0.024	50	-0.000785802	1.30584e-05	0.061955	0.000978156
1	0.024	51	-0.000785795	1.28024e-05	0.0619491	0.000958994
1	0.024	52	-0.000786574	1.25798e-05	0.061825	0.000943807
1	0.024	53	-0.000785362	1.24007e-05	0.0621289	0.000953964
1	0.024	54	-0.000782415	1.25162e-05	0.0624021	0.000943847
1	0.024	55	-0.000781868	1.23006e-05	0.0624812	0.000928273
1	0.024	56	-0.000781314	1.20934e-05	0.0625372	0.000912302
1	0.024	57	-0.000779173	1.20694e-05	0.0627891	0.000908132
1	0.024	58	-0.000779662	1.18712e-05	0.0628442	0.000893908
1	0.024	59	-0.000775894	1.22536e-05	0.0631937	0.000891891
1	0.024	60	-0.000775853	1.20494e-05	0.0632895	0.000880766
1	0.024	61	-0.000776343	1.18618e-05	0.0631903	0.000869051
1	0.024	62	-0.000776386	1.16706e-05	0.0631556	0.000855499
1	0.024	63	-0.000774499	1.16368e-05	0.0633877	0.000853406
1	0.024	64	-0.000774009	1.14653e-05	0.0634371	0.000840587
1	0.024	65	-0.000771551	1.15494e-05	0.0637787	0.000855956
1	0.024	66	-0.000772523	1.14153e-05	0.0638159	0.000843254
1	0.024	67	-0.000772788	1.12479e-05	0.063728	0.000833403
1	0.024	68	-0.000775811	1.14816e-05	0.0633572	0.000847931
1	0.024	69	-0.000777604	1.14543e-05	0.0631638	0.000840966
1	0.024	70	-0.000774559	1.16884e-05	0.0635244	0.000854818
1	0.024	71	-0.00077584	1.15938e-05	0.0633838	0.000845565
1	0.024	72	-0.000778183	1.16671e-05	0.0630982	0.000849148
1	0.024	73	-0.000779515	1.15831e-05	0.0629406	0.000841712
1	0.024	74	-0.000781475	1.15912e-05	0.0626821	0.000844318
1	0.024	75	-0.000782081	1.14524e-05	0.0626628	0.000832434
1	0.024	76	-0.000780332	1.14345e-05	0.0628277	0.000825126
1	0.024	77	-0.000781818	1.13821e-05	0.0626758	0.000817183
1	0.024	78	-0.000784198	1.14823e-05	0.0624301	0.000814784
1	0.024	79	-0.000786414	1.15488e-05	0.0621442	0.00082153
1	0.024	80	-0.000786866	1.14133e-05	0.0620975	0.000811412
1	0.024	81	-0.000787363	1.12832e-05	0.0621043	0.000801106
1	0.024	82	-0.000788287	1.11834e-05	0.062059	0.000790232
1	0.024	83	-0.000786836	1.11425e-05	0.0622442	0.000788874
1	0.024	84	-0.000789658	1.13616e-05	0.0618896	0.000805604
1	0.024	85	-0.000789753	1.12283e-05	0.0618626	0.000796356
1	0.024	86	-0.000790763	1.11431e-05	0.0617184	0.000791947
1	0.024	87	-0.000789316	1.11085e-05	0.0618995	0.000790456
1	0.024	88	-0.000789244	1.09825e-05	0.0618736	0.000781851
1	0.024	89	-0.000788413	1.08905e-05	0.0619252	0.000772975
1	0.024	90	-0.000788401	1.07695e-05	0.0619843	0.000766029
1	0.024	91	-0.000788048	1.0657e-05	0.0620414	0.00075869
1	0.024	92	-0.000787753	1.05452e-05	0.0620396	0.000750483
1	0.024	93	-0.000785928	1.05885e-05	0.0622199	0.000747637
1	0.024	94	-0.00078651	1.04919e-05	0.062156	0.00074024
1	0.024	95	-0.000787162	1.04017e-05	0.0620501	0.000735622
1	0.024	96	-0.000788528	1.03827e-05	0.0619302	0.000728749
1	0.024	97	-0.000788201	1.02808e-05	0.0619565	0.000721373
1	0.024	98	-0.000785797	1.04533e-05	0.0622505	0.000734561
1	0.024	99	-0.000784864	1.03892e-05	0.0623364	0.000728303
1	0.024	100	-0.000783771	1.03427e-05	0.06247	0.000725487
