density	 t_tilde	 bins	 Energy	 EnVariance	 VarianceofTotE	 VarianceOfV 
0.01	0.012	1	-0.00079364	0	0.0618662	0
0.01	0.012	2	-0.00080054	4.87915e-06	0.0566421	0.00343853
0.01	0.012	3	-0.0009404	0.000114242	0.0409134	0.00635535
0.01	0.012	4	-0.000818412	0.000136023	0.0490315	0.00476348
0.01	0.012	5	-0.000898178	0.000130122	0.0401621	0.0051371
0.01	0.012	6	-0.000935306	0.000113608	0.0368079	0.0042649
0.01	0.012	7	-0.000953602	9.88406e-05	0.0335965	0.00398877
0.01	0.012	8	-0.000871617	0.00011559	0.0410529	0.00446165
0.01	0.012	9	-0.0008964	0.00010537	0.0375935	0.00427363
0.01	0.012	10	-0.000862953	0.0001	0.042489	0.0047809
0.01	0.012	11	-0.000892364	9.51363e-05	0.0389422	0.0045989
0.01	0.012	12	-0.000912471	8.93078e-05	0.0358087	0.00451888
0.01	0.012	13	-0.00092502	8.3315e-05	0.0332959	0.00442057
0.01	0.012	14	-0.000895038	8.25827e-05	0.0359791	0.00425422
0.01	0.012	15	-0.000873843	7.97506e-05	0.0390735	0.00439238
0.01	0.012	16	-0.000877717	7.48603e-05	0.0386477	0.00411307
0.01	0.012	17	-0.000875343	7.04944e-05	0.0393879	0.00391144
0.01	0.012	18	-0.000841659	7.41901e-05	0.0445216	0.00487868
0.01	0.012	19	-0.000831295	7.10056e-05	0.0457273	0.00468721
0.01	0.012	20	-0.00081954	6.84214e-05	0.0467186	0.00448703
0.01	0.012	21	-0.000816459	6.52326e-05	0.0470965	0.00428498
0.01	0.012	22	-0.000829537	6.35649e-05	0.046408	0.0040376
0.01	0.012	23	-0.000833455	6.09218e-05	0.0456989	0.00388233
0.01	0.012	24	-0.000847287	5.99332e-05	0.0439193	0.00382459
0.01	0.012	25	-0.000847097	5.75362e-05	0.044422	0.00369445
0.01	0.012	26	-0.000857733	5.62977e-05	0.0444014	0.0035129
0.01	0.012	27	-0.000835601	5.84011e-05	0.0460298	0.00340738
0.01	0.012	28	-0.000807657	6.26449e-05	0.0491315	0.00369266
0.01	0.012	29	-0.000815167	6.09331e-05	0.0481971	0.00358868
0.01	0.012	30	-0.00082223	5.93101e-05	0.0471316	0.00351746
0.01	0.012	31	-0.000832688	5.83116e-05	0.0456878	0.00348922
0.01	0.012	32	-0.000839941	5.69386e-05	0.0448954	0.00338896
0.01	0.012	33	-0.000822221	5.79049e-05	0.0475957	0.00371869
0.01	0.012	34	-0.000833961	5.73795e-05	0.0463535	0.00363568
0.01	0.012	35	-0.00082813	5.60356e-05	0.0474071	0.00361079
0.01	0.012	36	-0.000810971	5.70457e-05	0.0496821	0.00378395
0.01	0.012	37	-0.000808967	5.55392e-05	0.0498883	0.0036866
0.01	0.012	38	-0.000801317	5.46019e-05	0.0507947	0.00363725
0.01	0.012	39	-0.000794759	5.35942e-05	0.0516228	0.00358754
0.01	0.012	40	-0.000736915	7.74136e-05	0.0578033	0.00486935
0.01	0.012	41	-0.000733137	7.56176e-05	0.0584975	0.00478467
0.01	0.012	42	-0.000745865	7.48807e-05	0.0574284	0.00465765
0.01	0.012	43	-0.000748124	7.31734e-05	0.0575172	0.00454468
0.01	0.012	44	-0.000725547	7.49125e-05	0.0597666	0.00463842
0.01	0.012	45	-0.000733863	7.3708e-05	0.0586865	0.00456452
0.01	0.012	46	-0.000701116	7.90461e-05	0.0621234	0.0049211
0.01	0.012	47	-0.00069791	7.74292e-05	0.0629344	0.00486329
0.01	0.012	48	-0.000708465	7.6532e-05	0.0618534	0.00477181
0.01	0.012	49	-0.000700842	7.53489e-05	0.0628156	0.00473148
0.01	0.012	50	-0.000700205	7.38446e-05	0.0625935	0.00464266
0.01	0.012	51	-0.000683432	7.4277e-05	0.0640106	0.00463355
0.01	0.012	52	-0.000663552	7.54621e-05	0.0658576	0.0046906
0.01	0.012	53	-0.000667774	7.41563e-05	0.0652865	0.00460738
0.01	0.012	54	-0.000665441	7.28198e-05	0.0656408	0.0045342
0.01	0.012	55	-0.000672389	7.18264e-05	0.0651856	0.00443568
0.01	0.012	56	-0.000675125	7.05959e-05	0.0648179	0.00435684
0.01	0.012	57	-0.000681669	6.96599e-05	0.0643029	0.0042703
0.01	0.012	58	-0.000678191	6.85457e-05	0.0645879	0.00420624
0.01	0.012	59	-0.000685649	6.77884e-05	0.0641245	0.00411708
0.01	0.012	60	-0.000687107	6.66743e-05	0.0638221	0.00405136
0.01	0.012	61	-0.000676151	6.64752e-05	0.0647266	0.00402774
0.01	0.012	62	-0.000684067	6.58727e-05	0.0638595	0.00397848
0.01	0.012	63	-0.000671244	6.60633e-05	0.0654602	0.00407184
0.01	0.012	64	-0.000676323	6.5226e-05	0.0648559	0.00401495
0.01	0.012	65	-0.000673683	6.42759e-05	0.0652883	0.00397035
0.01	0.012	66	-0.000680395	6.36516e-05	0.0643471	0.0039464
0.01	0.012	67	-0.000678982	6.27172e-05	0.064263	0.0038913
0.01	0.012	68	-0.000674587	6.19488e-05	0.0645617	0.0038434
0.01	0.012	69	-0.000676787	6.109e-05	0.0643263	0.00378578
0.01	0.012	70	-0.000673727	6.02939e-05	0.0644401	0.00373625
0.01	0.012	71	-0.000671669	5.94798e-05	0.0646399	0.00368921
0.01	0.012	72	-0.000673135	5.86718e-05	0.0644442	0.00363743
0.01	0.012	73	-0.000677651	5.80416e-05	0.0638342	0.00360149
0.01	0.012	74	-0.000682707	5.74771e-05	0.0631799	0.00356832
0.01	0.012	75	-0.000681993	5.67152e-05	0.0633013	0.00352311
0.01	0.012	76	-0.000673361	5.66219e-05	0.0642934	0.00354458
0.01	0.012	77	-0.000669467	5.60203e-05	0.0648713	0.00352794
0.01	0.012	78	-0.000657395	5.65879e-05	0.0658227	0.00352652
0.01	0.012	79	-0.000649948	5.63595e-05	0.066602	0.00352543
0.01	0.012	80	-0.000656219	5.60027e-05	0.0658326	0.00350494
0.01	0.012	81	-0.000653855	5.53612e-05	0.0661104	0.00347036
0.01	0.012	82	-0.000655666	5.47157e-05	0.0657636	0.00343433
0.01	0.012	83	-0.000661221	5.43377e-05	0.0650127	0.00342001
0.01	0.012	84	-0.000648953	5.50583e-05	0.0665176	0.00353647
0.01	0.012	85	-0.000647904	5.44205e-05	0.0666345	0.00349747
0.01	0.012	86	-0.000652733	5.40015e-05	0.0661783	0.00345711
0.01	0.012	87	-0.000658066	5.36435e-05	0.0654577	0.00344203
0.01	0.012	88	-0.000664637	5.34348e-05	0.0649208	0.00339965
0.01	0.012	89	-0.000663536	5.28457e-05	0.0651404	0.0033673
0.01	0.012	90	-0.00066036	5.23539e-05	0.0653718	0.00333619
0.01	0.012	91	-0.000653188	5.22676e-05	0.0661438	0.0033437
0.01	0.012	92	-0.000651628	5.17228e-05	0.0665275	0.00332324
0.01	0.012	93	-0.000643295	5.18335e-05	0.0673159	0.00332945
0.01	0.012	94	-0.000647023	5.1416e-05	0.0670015	0.0032912
0.01	0.012	95	-0.000643466	5.09976e-05	0.067179	0.00326109
0.01	0.012	96	-0.000646343	5.05475e-05	0.0669449	0.00322411
0.01	0.012	97	-0.000650444	5.01924e-05	0.0664194	0.00320292
0.01	0.012	98	-0.0006469	4.98052e-05	0.0666623	0.00317665
0.01	0.012	99	-0.000650521	4.94336e-05	0.066171	0.00315614
0.01	0.012	100	-0.000648697	4.89728e-05	0.0665347	0.00313931
0.01	0.014	1	-0.000557216	0	0.0623487	0
0.01	0.014	2	-0.000469046	6.23455e-05	0.0776647	0.00882352
0.01	0.014	3	-0.000610941	0.000123086	0.0649097	0.00814198
0.01	0.014	4	-0.000655193	9.99536e-05	0.0596586	0.00664932
0.01	0.014	5	-0.000609913	8.96342e-05	0.0666458	0.00708421
0.01	0.014	6	-0.000635767	7.83351e-05	0.063793	0.00606292
0.01	0.014	7	-0.000660983	7.10872e-05	0.062786	0.00507032
0.01	0.014	8	-0.000718261	8.20951e-05	0.0579276	0.00474365
0.01	0.014	9	-0.000677839	8.23257e-05	0.0634952	0.00554537
0.01	0.014	10	-0.000730766	8.95041e-05	0.0584349	0.00542687
0.01	0.014	11	-0.000733203	8.14005e-05	0.0588173	0.00493905
0.01	0.014	12	-0.000745839	7.55916e-05	0.057682	0.00452241
0.01	0.014	13	-0.000754422	7.02624e-05	0.0566502	0.00419555
0.01	0.014	14	-0.000774542	6.80636e-05	0.0550424	0.00388302
0.01	0.014	15	-0.000790089	6.52775e-05	0.0533563	0.00369217
0.01	0.014	16	-0.00080185	6.2248e-05	0.0520395	0.00350413
0.01	0.014	17	-0.000787041	6.0322e-05	0.0532861	0.00335328
0.01	0.014	18	-0.000783836	5.70559e-05	0.0530196	0.00318318
0.01	0.014	19	-0.000803214	5.72489e-05	0.0514891	0.00300914
0.01	0.014	20	-0.0007492	7.56931e-05	0.0570035	0.00403177
0.01	0.014	21	-0.000771949	7.54297e-05	0.05469	0.00395476
0.01	0.014	22	-0.000744167	7.69476e-05	0.0570321	0.00394802
0.01	0.014	23	-0.000760266	7.52673e-05	0.0555935	0.00378846
0.01	0.014	24	-0.000740828	7.45987e-05	0.0575874	0.00381587
0.01	0.014	25	-0.000752092	7.24601e-05	0.0567016	0.00364896
0.01	0.014	26	-0.000753119	6.96805e-05	0.0578385	0.00362892
0.01	0.014	27	-0.000716618	7.60612e-05	0.0629479	0.00482911
0.01	0.014	28	-0.000705539	7.41472e-05	0.0638406	0.00469508
0.01	0.014	29	-0.000682123	7.5197e-05	0.0657325	0.00465005
0.01	0.014	30	-0.00069903	7.45667e-05	0.0642554	0.0045057
0.01	0.014	31	-0.000646172	8.89441e-05	0.0725607	0.00736331
0.01	0.014	32	-0.000637966	8.65422e-05	0.0730882	0.00715528
0.01	0.014	33	-0.000651483	8.49687e-05	0.0717076	0.00694551
0.01	0.014	34	-0.000662747	8.32129e-05	0.0706558	0.00673196
0.01	0.014	35	-0.000650848	8.16816e-05	0.0723159	0.00666772
0.01	0.014	36	-0.00065758	7.96896e-05	0.0714771	0.00648765
0.01	0.014	37	-0.000658471	7.75409e-05	0.0711101	0.0063173
0.01	0.014	38	-0.000627535	8.14384e-05	0.0735953	0.00631307
0.01	0.014	39	-0.000636157	7.98054e-05	0.0725118	0.00617038
0.01	0.014	40	-0.000647544	7.86184e-05	0.0712267	0.00603941
0.01	0.014	41	-0.000655565	7.71089e-05	0.0704363	0.00588801
0.01	0.014	42	-0.000630781	7.91558e-05	0.0728528	0.00596277
0.01	0.014	43	-0.000640759	7.79414e-05	0.0718454	0.00582761
0.01	0.014	44	-0.000654533	7.73774e-05	0.0705511	0.00570183
0.01	0.014	45	-0.000644913	7.62536e-05	0.0714601	0.00561999
0.01	0.014	46	-0.000640098	7.47478e-05	0.0720489	0.00552281
0.01	0.014	47	-0.000625961	7.44823e-05	0.0733472	0.00548288
0.01	0.014	48	-0.000613287	7.40009e-05	0.0742384	0.00540603
0.01	0.014	49	-0.000604557	7.30039e-05	0.0750896	0.00533944
0.01	0.014	50	-0.000571829	7.8538e-05	0.0776072	0.00543565
0.01	0.014	51	-0.000572047	7.69984e-05	0.0774891	0.00532945
0.01	0.014	52	-0.000572115	7.55177e-05	0.0773722	0.00522778
0.01	0.014	53	-0.00058191	7.47252e-05	0.0762908	0.00515348
0.01	0.014	54	-0.00058151	7.33425e-05	0.0762774	0.00505901
0.01	0.014	55	-0.000583244	7.20295e-05	0.0762354	0.00496255
0.01	0.014	56	-0.000590005	7.10598e-05	0.0754549	0.00488543
0.01	0.014	57	-0.000596483	7.01078e-05	0.0747086	0.00480981
0.01	0.014	58	-0.000600436	6.90104e-05	0.074446	0.00471854
0.01	0.014	59	-0.000602687	6.78775e-05	0.0742667	0.00463433
0.01	0.014	60	-0.000603662	6.67532e-05	0.0740929	0.00455682
0.01	0.014	61	-0.000614372	6.65126e-05	0.0730541	0.00449951
0.01	0.014	62	-0.000607251	6.58199e-05	0.0735689	0.0044465
0.01	0.014	63	-0.000612957	6.50219e-05	0.0729953	0.00437717
0.01	0.014	64	-0.00061462	6.40272e-05	0.0729185	0.00430503
0.01	0.014	65	-0.000618925	6.31868e-05	0.0725117	0.0042361
0.01	0.014	66	-0.000622529	6.23321e-05	0.0722695	0.00416506
0.01	0.014	67	-0.000624653	6.1438e-05	0.0719212	0.00410643
0.01	0.014	68	-0.000633564	6.11773e-05	0.0709519	0.00407223
0.01	0.014	69	-0.000643034	6.10191e-05	0.0700347	0.00402734
0.01	0.014	70	-0.000640088	6.02185e-05	0.0702004	0.00397514
0.01	0.014	71	-0.000641344	5.93835e-05	0.0700987	0.00391697
0.01	0.014	72	-0.000639117	5.86004e-05	0.070392	0.00387186
0.01	0.014	73	-0.000644489	5.80433e-05	0.0698682	0.00381998
0.01	0.014	74	-0.000638628	5.7554e-05	0.0704951	0.00379826
0.01	0.014	75	-0.000640104	5.68056e-05	0.0703731	0.0037453
0.01	0.014	76	-0.000636193	5.61926e-05	0.0705799	0.00370199
0.01	0.014	77	-0.000641271	5.56917e-05	0.070174	0.00364907
0.01	0.014	78	-0.000645471	5.51359e-05	0.0696467	0.00361131
0.01	0.014	79	-0.000646898	5.44564e-05	0.069536	0.00356333
0.01	0.014	80	-0.000653627	5.41898e-05	0.068771	0.00353884
0.01	0.014	81	-0.000659415	5.3829e-05	0.0682095	0.00349862
0.01	0.014	82	-0.000657718	5.31993e-05	0.0681137	0.00346022
0.01	0.014	83	-0.000661823	5.27165e-05	0.0676806	0.00342088
0.01	0.014	84	-0.000668113	5.24628e-05	0.0669634	0.00339795
0.01	0.014	85	-0.000674386	5.22193e-05	0.0662888	0.00337062
0.01	0.014	86	-0.000673066	5.16288e-05	0.0664371	0.00333486
0.01	0.014	87	-0.00066395	5.18339e-05	0.0673827	0.00335615
0.01	0.014	88	-0.000669729	5.1566e-05	0.0667551	0.00332921
0.01	0.014	89	-0.000665953	5.11247e-05	0.0670555	0.00330041
0.01	0.014	90	-0.000667353	5.05759e-05	0.066831	0.00326526
0.01	0.014	91	-0.000658972	5.07097e-05	0.067614	0.00326932
0.01	0.014	92	-0.00065976	5.01647e-05	0.067527	0.00323292
0.01	0.014	93	-0.000665813	4.99892e-05	0.0669941	0.00319899
0.01	0.014	94	-0.00067047	4.96738e-05	0.0665264	0.00316822
0.01	0.014	95	-0.00067667	4.95364e-05	0.0658897	0.00314557
0.01	0.014	96	-0.000679344	4.90924e-05	0.0655178	0.00311839
0.01	0.014	97	-0.000685912	4.90237e-05	0.0649223	0.00308977
0.01	0.014	98	-0.000683172	4.86e-05	0.0651384	0.00306374
0.01	0.014	99	-0.000685243	4.81532e-05	0.0649277	0.00303178
0.01	0.014	100	-0.000678861	4.80929e-05	0.0658488	0.00307506
0.02	0.012	1	0.00223701	0	0.228248	0
0.02	0.012	2	0.00264797	0.000290592	0.241292	0.0576954
0.02	0.012	3	0.0014487	0.000998176	0.224751	0.129519
0.02	0.012	4	0.00101297	0.000838359	0.204318	0.0976714
0.02	0.012	5	0.000506889	0.000809147	0.181422	0.0777055
0.02	0.012	6	0.000513808	0.000674318	0.177832	0.0650018
0.02	0.012	7	0.000636625	0.000589066	0.181066	0.0585591
0.02	0.012	8	0.000581619	0.000517994	0.173033	0.0512502
0.02	0.012	9	0.000854706	0.000527536	0.191687	0.0585005
0.02	0.012	10	0.000789828	0.000478755	0.184463	0.052654
0.02	0.012	11	0.000653647	0.000454188	0.175953	0.0480016
0.02	0.012	12	0.000627654	0.000417082	0.178246	0.043702
0.02	0.012	13	0.000502484	0.000403344	0.171354	0.0402488
0.02	0.012	14	0.000439908	0.000379357	0.166388	0.0371946
0.02	0.012	15	0.000379474	0.000358848	0.162072	0.0344848
0.02	0.012	16	0.000300994	0.000344895	0.156984	0.0321341
0.02	0.012	17	0.000258467	0.000327218	0.154066	0.0300034
0.02	0.012	18	0.000262438	0.000309064	0.152915	0.0283998
0.02	0.012	19	0.000222288	0.000295393	0.153059	0.0265394
0.02	0.012	20	0.000177324	0.000284025	0.149693	0.0250919
0.02	0.012	21	0.000216802	0.00027323	0.1551	0.0249398
0.02	0.012	22	0.000249024	0.000262704	0.157218	0.0242182
0.02	0.012	23	0.000260549	0.000251534	0.158988	0.0233411
0.02	0.012	24	0.000295411	0.000243458	0.162648	0.0230369
0.02	0.012	25	0.000253724	0.000237262	0.159392	0.0221418
0.02	0.012	26	0.000212375	0.000231711	0.156268	0.0212972
0.02	0.012	27	0.00026714	0.00022951	0.163081	0.0222536
0.02	0.012	28	0.000345569	0.000234331	0.167901	0.0229367
0.02	0.012	29	0.000383595	0.000229315	0.170254	0.0226594
0.02	0.012	30	0.000361978	0.000222688	0.168317	0.0218812
0.02	0.012	31	0.000349959	0.000215829	0.166223	0.0212235
0.02	0.012	32	0.000369903	0.000210003	0.165567	0.0207128
0.02	0.012	33	0.00038332	0.000204068	0.164318	0.0202123
0.02	0.012	34	0.000348753	0.000200972	0.161673	0.0196897
0.02	0.012	35	0.00037503	0.00019694	0.161994	0.0193278
0.02	0.012	36	0.000360573	0.000192	0.160202	0.0188205
0.02	0.012	37	0.000351472	0.000187026	0.15906	0.0183055
0.02	0.012	38	0.000320774	0.000184606	0.157066	0.0178344
0.02	0.012	39	0.000312446	0.000180061	0.15584	0.0173841
0.02	0.012	40	0.000305289	0.000175701	0.154872	0.0169445
0.02	0.012	41	0.000317632	0.000171849	0.154376	0.0166095
0.02	0.012	42	0.000351823	0.000171125	0.157453	0.0168374
0.02	0.012	43	0.000363935	0.000167573	0.15722	0.0165175
0.02	0.012	44	0.000348308	0.000164492	0.155926	0.0161415
0.02	0.012	45	0.000346919	0.000160842	0.156621	0.0157917
0.02	0.012	46	0.000330089	0.000158224	0.155184	0.0154652
0.02	0.012	47	0.000355634	0.000156906	0.156617	0.0153968
0.02	0.012	48	0.000398756	0.000159452	0.158934	0.0156651
0.02	0.012	49	0.000430563	0.000159339	0.160879	0.015759
0.02	0.012	50	0.000397703	0.000159504	0.159097	0.0155017
0.02	0.012	51	0.000426252	0.000158911	0.162971	0.0160387
0.02	0.012	52	0.000423494	0.000155879	0.163166	0.0157173
0.02	0.012	53	0.000433008	0.000153228	0.16367	0.0154876
0.02	0.012	54	0.000414669	0.000151484	0.162167	0.0152407
0.02	0.012	55	0.000414027	0.000148731	0.162012	0.0149615
0.02	0.012	56	0.00040075	0.000146667	0.160871	0.0147055
0.02	0.012	57	0.000387566	0.000144685	0.159797	0.0144532
0.02	0.012	58	0.000384081	0.000142232	0.160099	0.014191
0.02	0.012	59	0.00036331	0.00014133	0.158785	0.0139719
0.02	0.012	60	0.000378562	0.000139795	0.159104	0.013829
0.02	0.012	61	0.000369452	0.0001378	0.158805	0.0135719
0.02	0.012	62	0.000347967	0.000137242	0.157432	0.0133869
0.02	0.012	63	0.000340953	0.000135242	0.156446	0.0131932
0.02	0.012	64	0.000331361	0.000133469	0.156428	0.0129496
0.02	0.012	65	0.000309687	0.000133164	0.155234	0.0127622
0.02	0.012	66	0.000304398	0.000131251	0.154955	0.012552
0.02	0.012	67	0.00034938	0.000136783	0.158657	0.0133937
0.02	0.012	68	0.00034715	0.00013479	0.157955	0.0132095
0.02	0.012	69	0.000344134	0.00013287	0.157359	0.0130223
0.02	0.012	70	0.000337458	0.00013114	0.15759	0.0128105
0.02	0.012	71	0.00034351	0.000129432	0.158009	0.0126677
0.02	0.012	72	0.000349328	0.000127765	0.157616	0.0125223
0.02	0.012	73	0.000340602	0.000126313	0.157133	0.0123334
0.02	0.012	74	0.000345904	0.000124717	0.157523	0.0121989
0.02	0.012	75	0.000348228	0.000123076	0.157817	0.0120506
0.02	0.012	76	0.000355962	0.000121699	0.157472	0.0119288
0.02	0.012	77	0.000360225	0.000120193	0.158365	0.0118337
0.02	0.012	78	0.000349576	0.000119123	0.157516	0.0116912
0.02	0.012	79	0.000354798	0.00011773	0.15746	0.0115647
0.02	0.012	80	0.000346005	0.000116586	0.157196	0.0113969
0.02	0.012	81	0.000345103	0.00011515	0.157012	0.0112547
0.02	0.012	82	0.000344926	0.000113746	0.156739	0.0111206
0.02	0.012	83	0.000352469	0.000112626	0.15664	0.0110173
0.02	0.012	84	0.000369004	0.000112492	0.158896	0.0112652
0.02	0.012	85	0.00036784	0.000111174	0.158771	0.0111295
0.02	0.012	86	0.000355893	0.000110522	0.157908	0.011016
0.02	0.012	87	0.000381698	0.000112224	0.159192	0.011149
0.02	0.012	88	0.000366342	0.000111994	0.158359	0.0110324
0.02	0.012	89	0.000358416	0.000111016	0.157728	0.01091
0.02	0.012	90	0.000361096	0.000109815	0.157668	0.0107989
0.02	0.012	91	0.000376133	0.000109633	0.158119	0.0107674
0.02	0.012	92	0.000379115	0.000108482	0.15768	0.0106701
0.02	0.012	93	0.000376504	0.000107347	0.157253	0.0105578
0.02	0.012	94	0.000365468	0.00010677	0.156941	0.0104246
0.02	0.012	95	0.000352014	0.000106491	0.156174	0.0103248
0.02	0.012	96	0.000345804	0.000105562	0.15572	0.0102129
0.02	0.012	97	0.000355386	0.000104908	0.156222	0.0101662
0.02	0.012	98	0.000344374	0.000104414	0.1555	0.0100717
0.02	0.012	99	0.000344017	0.00010336	0.155105	0.00997772
0.02	0.012	100	0.000332299	0.000102988	0.154314	0.00989378
0.02	0.014	1	-7.8299e-05	0	0.100892	0
0.02	0.014	2	-0.000135153	4.02015e-05	0.113787	0.00908122
0.02	0.014	3	-4.66809e-05	7.70483e-05	0.115083	0.00611226
0.02	0.014	4	0.000249358	0.000262809	0.125887	0.0133733
0.02	0.014	5	0.00054466	0.00033759	0.156489	0.0381152
0.02	0.014	6	0.00045626	0.00029267	0.156137	0.0311679
0.02	0.014	7	0.000507075	0.000255233	0.154026	0.0272377
0.02	0.014	8	0.000483944	0.000224375	0.151825	0.0238241
0.02	0.014	9	0.00042773	0.000206366	0.151888	0.0209215
0.02	0.014	10	0.000456417	0.000187713	0.156986	0.019856
0.02	0.014	11	0.000406866	0.000177067	0.154414	0.0181705
0.02	0.014	12	0.000304587	0.000189563	0.147989	0.0181161
0.02	0.014	13	0.000221184	0.000192457	0.143769	0.0171046
0.02	0.014	14	0.000360873	0.000223733	0.152343	0.0200792
0.02	0.014	15	0.000402276	0.000212614	0.151151	0.019087
0.02	0.014	16	0.000343873	0.000207192	0.14801	0.0180509
0.02	0.014	17	0.000325353	0.00019583	0.145112	0.0171825
0.02	0.014	18	0.00034091	0.000185567	0.144014	0.0163576
0.02	0.014	19	0.000408768	0.000187798	0.148136	0.0168821
0.02	0.014	20	0.000389035	0.000179442	0.145913	0.0161482
0.02	0.014	21	0.000428966	0.000175284	0.149931	0.0163922
0.02	0.014	22	0.000429664	0.000167318	0.148411	0.0157326
0.02	0.014	23	0.000391594	0.000164317	0.145986	0.0152223
0.02	0.014	24	0.000456394	0.000169768	0.154192	0.0179467
0.02	0.014	25	0.000463393	0.000163121	0.15251	0.0173488
0.02	0.014	26	0.00038769	0.000173527	0.14963	0.017016
0.02	0.014	27	0.000462955	0.000182695	0.154329	0.0181094
0.02	0.014	28	0.000418363	0.000181531	0.151785	0.0176063
0.02	0.014	29	0.000432885	0.000175851	0.152383	0.017112
0.02	0.014	30	0.000449226	0.000170747	0.154686	0.0168627
0.02	0.014	31	0.000454147	0.00016531	0.153594	0.0163826
0.02	0.014	32	0.00047074	0.000160974	0.153204	0.0159712
0.02	0.014	33	0.000414098	0.000165763	0.151072	0.0156481
0.02	0.014	34	0.000506113	0.000184668	0.157293	0.0180728
0.02	0.014	35	0.000474082	0.000182149	0.155617	0.0175699
0.02	0.014	36	0.000468269	0.000177182	0.156071	0.017054
0.02	0.014	37	0.000471839	0.000172429	0.155808	0.0166153
0.02	0.014	38	0.000487533	0.000168604	0.15534	0.0162776
0.02	0.014	39	0.000463964	0.00016592	0.153637	0.0159149
0.02	0.014	40	0.000462283	0.000161781	0.153292	0.0155134
0.02	0.014	41	0.000444875	0.000158769	0.152111	0.0151377
0.02	0.014	42	0.0004292	0.00015576	0.150874	0.0147915
0.02	0.014	43	0.000416631	0.000152644	0.149544	0.0144812
0.02	0.014	44	0.00041536	0.00014918	0.148955	0.0141608
0.02	0.014	45	0.000400961	0.000146558	0.148313	0.0138151
0.02	0.014	46	0.0004442	0.000149615	0.152494	0.0147331
0.02	0.014	47	0.000440482	0.000146478	0.152053	0.0144122
0.02	0.014	48	0.00041417	0.00014577	0.150723	0.0141368
0.02	0.014	49	0.000420084	0.000142915	0.151728	0.013926
0.02	0.014	50	0.000417323	0.000140084	0.151706	0.0136353
0.02	0.014	51	0.000440105	0.000139177	0.153673	0.013718
0.02	0.014	52	0.000414915	0.000138761	0.152395	0.0134853
0.02	0.014	53	0.000392998	0.000137863	0.151738	0.0131938
0.02	0.014	54	0.000396248	0.000135349	0.151367	0.0129691
0.02	0.014	55	0.000426595	0.000136247	0.154071	0.0133364
0.02	0.014	56	0.000421423	0.000133912	0.153498	0.0130951
0.02	0.014	57	0.000415377	0.0001317	0.153123	0.0128505
0.02	0.014	58	0.000412167	0.000129468	0.153191	0.0126158
0.02	0.014	59	0.00040445	0.000127503	0.15237	0.0124122
0.02	0.014	60	0.000411874	0.000125594	0.152163	0.0122393
0.02	0.014	61	0.000391865	0.000125119	0.151109	0.01206
0.02	0.014	62	0.00039926	0.000123319	0.150885	0.0118989
0.02	0.014	63	0.000412594	0.00012208	0.151559	0.0118079
0.02	0.014	64	0.000396788	0.000121192	0.150752	0.0116252
0.02	0.014	65	0.000424561	0.000122468	0.1516	0.0116727
0.02	0.014	66	0.00042737	0.000120645	0.151759	0.0115093
0.02	0.014	67	0.000426361	0.000118848	0.151798	0.0113337
0.02	0.014	68	0.000451577	0.000119746	0.154028	0.0116443
0.02	0.014	69	0.000456197	0.000118099	0.155247	0.0115783
0.02	0.014	70	0.000436137	0.000118104	0.154206	0.0114508
0.02	0.014	71	0.000436054	0.00011644	0.153633	0.0113061
0.02	0.014	72	0.000442517	0.000115002	0.153609	0.0111762
0.02	0.014	73	0.000426282	0.000114567	0.152939	0.0110213
0.02	0.014	74	0.000428954	0.00011305	0.153392	0.0108955
0.02	0.014	75	0.000407169	0.000113622	0.152398	0.0107877
0.02	0.014	76	0.000399124	0.000112412	0.151807	0.0106461
0.02	0.014	77	0.000406808	0.000111214	0.151592	0.01054
0.02	0.014	78	0.000419464	0.000110506	0.152494	0.0105236
0.02	0.014	79	0.000411179	0.000109418	0.152028	0.0103835
0.02	0.014	80	0.000400535	0.000108566	0.151271	0.010268
0.02	0.014	81	0.000377239	0.000109697	0.150368	0.0101711
0.02	0.014	82	0.000363057	0.000109272	0.149558	0.010062
0.02	0.014	83	0.000348446	0.000108928	0.148691	0.00996136
0.02	0.014	84	0.000343021	0.000107766	0.148157	0.00984548
0.02	0.014	85	0.000343984	0.000106503	0.147792	0.00974033
0.02	0.014	86	0.000355766	0.000105914	0.148958	0.00977377
0.02	0.014	87	0.000359536	0.000104764	0.149312	0.00968444
0.02	0.014	88	0.000363588	0.000103651	0.149274	0.00958908
0.02	0.014	89	0.000352975	0.000103029	0.148504	0.00949972
0.02	0.014	90	0.000365389	0.000102629	0.148898	0.00946209
0.02	0.014	91	0.000357056	0.000101839	0.148213	0.00937159
0.02	0.014	92	0.000356299	0.000100735	0.148197	0.0092673
0.02	0.014	93	0.000362485	9.98415e-05	0.14838	0.00919414
0.02	0.014	94	0.000344309	0.00010042	0.147591	0.00911811
0.02	0.014	95	0.000344898	9.93648e-05	0.147701	0.00902492
0.02	0.014	96	0.000340795	9.84144e-05	0.147353	0.00892841
0.02	0.014	97	0.000331549	9.78332e-05	0.146801	0.00883883
0.02	0.014	98	0.000326833	9.69485e-05	0.146815	0.00873498
0.02	0.014	99	0.000326315	9.59706e-05	0.146672	0.00864656
0.02	0.014	100	0.000334157	9.53308e-05	0.146709	0.00858898
